PaleoCOOP_model/data/maps/DEM.asc
ncols        534
nrows        328
xllcorner    65.227621989403
yllcorner    40.072909291096
cellsize     0.041716604078
NODATA_value -32768
[rows 287 to 327 of 328, columns 279 to 371 of 534]
3043 3018 2838 2872 3093 3418 3310 3227 3512 3027 3008 3046 3492 3114 3223 3426 3828 4066 4222 4227 3996 3845 3645 3642 3702 3351 3483 3966 3880 3712 3857 4325 3787 4034 4717 4532 3906 3772 3597 3387 3431 3392 3066 3098 3598 4013 4090 4440 4492 3430 3744 3359 3891 4508 4410 4038 3372 3985 3269 3471 3279 2635 2439 1918 2283 2428 2428 2602 2225 2675 2982 3701 4007 4034 4040 3797 4101 3619 3790 3599 3739 3230 3342 3135 2894 2600 2635 2692 2588 2254 2401 1988 2038
2803 2833 2896 3202 3539 3799 3912 3889 3920 3740 4100 3914 3420 4149 4072 4139 4205 4239 4250 3723 3780 3534 3445 3333 3320 3565 3808 4006 3809 3876 4123 3828 4327 4517 4222 3983 3710 3625 3421 3695 3782 3244 3211 3642 3238 3964 3743 4336 3507 4095 4133 3868 4142 4355 4132 3811 4275 3861 4112 2991 2456 2425 2221 1838 1709 2442 2467 2476 2654 3024 3688 3648 4050 4086 4320 4009 3052 3054 3265 3099 3242 2825 2960 2311 2244 2079 2221 2235 2209 2034 1940 1933 1916
3104 3254 3387 3608 3760 4033 3796 3574 3760 3770 3828 3753 3454 3658 3618 4091 3952 4115 3754 3467 3392 3383 3307 3342 3427 3518 3644 4198 3895 3598 3924 3974 3767 3689 3660 3608 3700 3843 3798 3086 3176 3388 3741 3954 3801 3273 4073 4297 4544 4025 4527 4474 4378 4021 4119 3145 3137 3391 3243 2629 2355 2570 2297 2242 1706 2377 2002 2266 2440 2786 2905 3016 3174 3132 2967 2788 2694 2740 2839 2800 2563 2255 2303 2123 2178 2123 2160 2140 2317 1930 2007 1987 2112
3116 3171 3146 3355 3101 3134 3530 3735 3470 3633 3683 3818 4202 4359 4217 4043 4045 4020 3535 3475 3399 3337 3446 3488 3558 3672 3733 3650 3597 3621 3590 3556 3537 3499 3807 4072 3635 3194 3441 3431 3667 3364 3812 4551 3857 3426 3671 4378 4580 4545 4112 4341 3780 3598 3138 3780 3051 2565 2427 2403 2461 2506 2627 2310 1582 1657 1805 1871 2028 2012 2188 2282 2421 2439 2458 2371 2431 2412 2317 2215 2110 1997 2205 1954 2001 2178 1894 2007 2044 2118 1677 1768 1870
3542 4111 3541 3868 3496 3915 4170 4367 4172 4302 4402 4518 4223 4227 3808 3448 3547 3475 3586 3371 3226 3356 3296 3458 3532 3474 3428 3443 3545 3766 3777 3626 3469 3556 3559 3344 3942 3956 4109 4504 4234 3416 3624 4538 3669 3785 4165 4454 4407 3605 4056 3150 3078 3675 3211 2448 2345 2355 2315 2217 2096 2308 1781 1593 1561 1559 1759 1630 1685 1735 1851 1949 2026 2006 2077 2100 2099 2088 2041 2011 1929 1894 1860 1851 1816 1749 1653 1627 1563 1567 1552 1752 1757
4381 3297 3943 3785 4018 3700 3744 3793 4341 4189 4017 3689 3509 3332 3178 3303 3197 3131 3166 3208 3199 3219 3255 3325 3328 3362 3407 3469 3796 3976 4091 3821 3480 3664 3883 3370 3967 4070 4264 4181 4099 3500 4090 4071 4476 4498 4061 3723 2969 3041 2856 3832 3437 2577 2342 2114 2067 2101 2052 1930 1840 1748 1570 1474 1452 1492 1444 1409 1423 1451 1497 1555 1617 1682 1720 1762 1779 1793 1810 1840 1881 1826 1892 2014 1843 1674 1595 1565 1517 1468 1455 1430 1438
3382 3346 3083 3398 3846 3594 3322 3217 3207 2984 3065 3079 3080 3045 3098 3081 3129 3194 3242 3384 3296 3720 3717 3839 3545 4077 3734 3669 3992 4140 4035 4034 3949 4017 3623 3435 3582 3542 4071 3843 3994 4073 3819 4198 4460 4132 4045 4248 3867 3744 2970 3298 3596 2647 2061 1969 1910 1863 1812 1738 1649 1568 1479 1392 1402 1418 1416 1402 1389 1357 1342 1322 1341 1391 1463 1527 1606 1775 1833 1907 1912 1772 1642 1525 1671 1657 1578 1527 1473 1427 1390 1370 1382
3231 3250 3409 3728 3638 3055 3138 3164 3338 3445 3143 3501 3749 4047 3952 4302 3944 3558 3526 3634 3496 3834 3553 3676 4068 3963 3535 4129 3816 3767 4042 3695 3633 3669 3724 3668 4009 4136 3956 4267 4302 4180 4205 3931 3139 3676 3664 3946 2728 3053 3165 2924 2208 2054 1930 1815 1790 1818 1910 1646 1465 1391 1346 1362 1368 1378 1380 1371 1358 1345 1321 1304 1290 1291 1349 1459 1611 1597 1646 1511 1443 1432 1426 1403 1377 1369 1411 1420 1386 1353 1333 1324 1318
3874 4004 4209 3760 3614 3052 3340 3626 3828 3774 3434 3663 3914 3905 3717 3698 3814 4291 4330 4415 3999 3996 3996 4378 4064 3978 3991 3621 3655 3837 3448 3756 4194 3968 4166 3705 4388 4167 4551 4035 4099 3813 3594 3505 3533 3085 2709 3120 3176 3387 3263 2582 2102 1967 1863 1757 1769 1590 1506 1410 1357 1334 1327 1329 1336 1343 1348 1350 1338 1317 1304 1287 1272 1258 1291 1274 1281 1288 1316 1323 1343 1367 1362 1342 1313 1316 1340 1344 1324 1297 1275 1278 1279
3893 4157 4368 3622 4200 3195 3841 3914 3972 3905 3850 3393 3217 3391 3661 4299 4317 4534 4587 4485 4219 4540 3922 4290 4058 3784 3606 3579 3431 3779 3643 3782 3953 4376 4313 3992 4306 3578 3945 3973 3846 3206 3342 3510 4188 3256 3761 3288 3072 2465 2260 2074 1898 1868 1767 1661 1551 1466 1396 1356 1323 1318 1313 1348 1438 1398 1377 1331 1392 1370 1293 1273 1245 1240 1230 1219 1204 1203 1241 1269 1290 1308 1310 1297 1262 1262 1278 1277 1264 1244 1238 1239 1232
3243 3205 3985 4010 3604 3940 3856 4154 3936 3943 3925 3894 3447 3342 3623 3494 3579 3529 3689 4127 4710 4254 4590 4320 4172 3426 3643 3253 3498 3754 3659 3385 3752 4233 4198 3541 4006 3733 3077 4124 3865 3642 3534 3237 3784 3556 3497 3560 3039 2407 2103 2001 1891 1764 1650 1544 1444 1379 1335 1321 1312 1297 1307 1360 1316 1336 1310 1298 1292 1270 1265 1252 1233 1212 1207 1201 1188 1174 1174 1212 1229 1255 1260 1242 1233 1221 1225 1220 1214 1208 1210 1204 1199
3517 3913 3739 3562 3575 3425 3391 3790 4077 3639 4035 4113 4179 3693 3809 3900 4489 4258 4271 4487 4873 4431 4550 4129 4311 3770 3428 3563 3196 3339 4340 3255 3747 3135 3587 3670 4560 3497 3525 3067 3098 3968 3816 3456 2554 3428 3134 3164 2998 2538 2374 2203 1904 1697 1595 1465 1375 1360 1346 1330 1316 1298 1284 1269 1259 1248 1247 1261 1263 1249 1233 1225 1213 1198 1185 1180 1172 1162 1148 1145 1188 1203 1210 1200 1200 1198 1192 1190 1190 1184 1175 1175 1172
3754 4024 3664 3840 3746 3771 3890 4566 4249 4588 4240 3913 3720 3896 4103 4008 3874 3892 3959 4530 3578 3671 3627 3933 3808 3619 3734 3877 4217 3136 3390 3499 3190 3916 4194 4198 4233 4431 4533 4010 3291 2875 3328 3594 2804 2427 2711 2798 2379 2278 1966 1771 1588 1474 1459 1414 1396 1378 1357 1345 1320 1308 1288 1270 1260 1244 1234 1221 1231 1226 1211 1202 1195 1185 1173 1162 1154 1148 1142 1133 1122 1157 1166 1164 1173 1178 1172 1165 1160 1158 1151 1152 1151
3838 3934 4064 3676 3841 3816 4033 3808 3998 3937 3945 3807 3788 3736 3718 3713 3627 3462 3419 3502 3791 3302 3509 3610 3824 4064 4190 3642 3004 3434 3664 2700 3653 4668 4032 3265 3577 3470 3826 3408 3342 3229 2620 2536 2727 2691 2404 2208 2062 1995 1819 1621 1510 1476 1454 1430 1413 1398 1379 1356 1335 1304 1295 1322 1324 1286 1245 1226 1204 1203 1199 1190 1180 1168 1161 1151 1139 1141 1130 1121 1114 1129 1137 1139 1144 1156 1151 1151 1145 1144 1134 1135 1131
3875 3643 3729 3705 3508 3601 3719 3733 3722 3691 3701 3737 3791 3905 3912 3997 3927 3866 3302 3612 3685 3274 3852 4055 3125 3581 3478 3636 3891 3998 3899 2876 3828 3938 3727 2759 2915 3235 3858 3546 3540 2715 2626 2600 2244 2196 2062 2039 1950 1829 1677 1554 1512 1494 1483 1458 1451 1452 1463 1378 1381 1489 1869 1438 1413 1355 1304 1261 1229 1191 1185 1181 1174 1164 1157 1148 1136 1145 1119 1118 1106 1108 1117 1120 1123 1133 1135 1134 1129 1126 1127 1123 1117
3473 3476 3394 3410 3536 3617 3546 3539 3658 3757 3739 4084 3842 3984 4128 3686 3504 3476 4661 4172 3577 4159 3536 3481 3878 3742 3508 4338 3622 3464 3524 3769 3136 3014 2556 2487 2250 2668 2775 2703 2936 2613 2367 2255 2111 2052 1959 1859 1802 1704 1597 1559 1543 1531 1584 1641 1824 1691 1655 2438 2296 1691 1601 1536 1496 1463 1397 1344 1292 1239 1202 1172 1164 1158 1151 1268 1358 1213 1131 1104 1098 1095 1101 1104 1110 1116 1116 1117 1116 1113 1112 1108 1104
3490 3774 3857 4039 3948 3892 3742 3782 3775 4352 4238 3982 4159 4395 4316 4336 4201 3612 3601 4644 3990 4375 3740 4266 4650 4641 4205 4456 3527 3755 4133 4138 3807 3704 3178 3151 3151 2423 2248 2658 2499 2333 2166 2077 1967 1907 1830 1749 1682 1627 1611 1612 1924 2528 2147 1867 1853 1838 2246 2136 2231 1846 1650 1633 1580 1523 1468 1422 1363 1302 1248 1219 1212 1230 1424 1402 1348 1159 1126 1122 1090 1086 1088 1089 1107 1101 1104 1103 1104 1102 1101 1096 1094
4177 3729 3907 4165 3875 4140 4101 4208 4082 4399 4604 4628 4598 4563 4660 4240 4057 4707 3920 4591 4453 4346 4705 3946 3701 4208 4005 4789 4950 4473 4115 3945 4416 2850 3107 3367 2755 2660 2238 2339 2156 2019 1928 1866 1789 1753 1721 1699 1675 1957 2549 2515 2010 1963 2009 2367 2775 3001 2350 2202 1998 1874 1790 1707 1673 1603 1549 1495 1429 1366 1313 1281 1286 1428 1509 1504 1220 1130 1098 1092 1086 1082 1075 1081 1083 1089 1091 1095 1094 1091 1088 1086 1083
4194 3832 3617 3771 4047 4116 4209 4509 3964 4648 4883 4764 4467 4984 4996 4498 4954 4970 4832 4524 4594 4689 3916 4241 3940 3498 4392 4464 3923 3535 3595 3867 2894 2679 2685 2997 2743 2502 2221 2099 2038 2005 1875 1827 1795 1769 1744 2367 2307 3150 2225 2207 2579 2912 3033 2468 2393 2781 2147 2317 2388 1978 1888 1796 1733 1679 1624 1547 1488 1423 1371 1321 1392 1821 1515 1327 1154 1113 1084 1075 1078 1079 1066 1077 1076 1081 1081 1080 1086 1083 1077 1078 1074
3829 4079 3503 4158 4477 3407 3991 4235 3327 4102 4657 4470 3875 5500 5674 4120 4605 4244 4408 3811 3743 3680 3609 3772 3545 3200 3905 3425 3247 3268 3113 2520 2614 2482 2438 2340 2241 2142 2032 1994 1964 1920 1868 1853 1911 2306 2516 2849 3168 2365 2305 2552 3291 2810 2695 2582 2375 2340 2654 2529 2149 2259 2030 1848 1811 1727 1654 1591 1524 1461 1405 1369 1468 1618 1326 1178 1131 1080 1069 1069 1068 1074 1063 1071 1073 1071 1075 1073 1073 1071 1070 1067 1067
3476 3200 3222 3240 3221 3288 3216 3352 3038 3582 3854 4247 4025 4460 4564 4228 3306 3908 3492 3203 3695 3538 2786 3976 2732 2683 2847 2734 2615 2479 2301 2225 2240 2241 2159 2116 2023 2213 2174 2535 1952 2081 1993 2140 2223 2202 2330 2849 2585 2442 2755 3446 2710 2741 2910 2529 2533 2542 3120 2321 2242 2060 1972 1886 1817 1743 1677 1606 1544 1475 1407 1411 1417 1289 1148 1092 1076 1066 1063 1063 1069 1071 1060 1069 1067 1067 1066 1067 1065 1062 1063 1060 1060
3103 3015 2947 3033 3042 2966 2815 2975 2915 3240 3435 3669 3641 3841 4009 3376 3090 3518 3298 2821 2943 2717 2451 2551 2412 2332 2295 2273 2239 2211 2176 2148 2237 2343 2464 2624 2502 2612 2807 2365 2300 2754 2521 2264 2795 3230 2757 2970 2457 2872 2590 2631 2379 2301 2336 2845 3179 2492 2498 2351 2231 2240 1908 1997 1792 1727 1651 1587 1536 1450 1384 1285 1238 1201 1159 1080 1064 1063 1060 1062 1061 1066 1068 1065 1063 1065 1066 1061 1060 1055 1056 1053 1052
3326 3125 2834 2877 2773 2748 2819 2736 2682 2928 3071 3101 3280 3213 3154 3106 2856 2935 2700 2443 2438 2772 2963 3110 2558 2296 2273 2253 2264 2255 2398 2681 2391 2603 2523 3146 2608 3065 2892 3045 3057 3095 3356 2826 2941 3233 3284 2829 2886 2315 2109 2210 2183 2145 2448 2654 2509 2357 2240 2101 1985 1899 1811 1759 1727 1665 1636 1565 1514 1438 1529 1336 1213 1147 1093 1064 1053 1058 1057 1058 1060 1059 1062 1054 1060 1060 1059 1058 1054 1054 1050 1049 1046
3589 3370 3707 3708 3766 3703 3414 3161 2964 3216 2848 2654 2937 2931 2840 2735 2597 2493 2687 2740 3212 3063 3217 2567 2511 2583 2613 2752 3269 3355 3471 3393 3116 2795 2985 3548 3148 3728 3170 3441 3287 3116 2761 3422 3124 2908 2450 2984 2419 2153 2057 2028 2074 1921 2220 2077 2585 2592 2204 2123 1970 1882 1788 1704 1659 1613 1524 1487 1415 1384 1288 1242 1161 1091 1056 1056 1057 1055 1059 1059 1056 1057 1056 1057 1059 1058 1055 1053 1051 1048 1047 1045 1043
3701 3837 3803 3240 3246 2885 3124 3339 2865 3060 3189 2937 2667 2563 2544 2527 2521 2776 2844 3369 3316 2986 2937 3004 2822 3576 3217 3001 3463 3084 2894 2727 2764 3320 3226 2714 3037 3214 3366 3263 3457 3121 3202 2496 2744 2541 2375 2247 2149 2070 1988 1882 2334 1790 1861 1777 1750 1871 1824 1854 2442 2189 1976 1759 1852 1933 1607 1662 1468 1374 1264 1178 1129 1077 1056 1050 1050 1053 1058 1057 1053 1055 1052 1050 1054 1051 1046 1051 1046 1045 1043 1042 1040
3509 3270 3181 3728 3290 3783 3661 3226 3423 3468 3101 2769 2860 2818 2888 2920 2835 3090 2924 3264 3244 3222 3479 3182 3614 3149 3504 3256 3069 3381 3053 3099 2662 3428 3377 3032 2746 2731 3049 3341 2912 2612 2424 2251 2264 2221 2158 2054 2026 2273 2302 2117 1907 1708 1611 1627 1669 1778 1565 1553 1632 1760 1712 1735 1719 1684 1542 1340 1268 1209 1180 1070 1055 1052 1052 1050 1046 1053 1051 1053 1054 1052 1050 1050 1048 1047 1046 1044 1044 1042 1038 1037 1038
3412 3385 3463 3779 3201 3676 3659 3357 3259 3486 3462 3154 3193 3325 3022 2986 3080 3164 3154 2973 3364 3431 3437 3519 3261 3471 3586 3236 3111 2954 3855 2880 2650 2499 3349 2738 2425 2343 2404 2670 2320 2344 2242 2159 2063 2029 1989 1947 2113 2075 1908 1811 1538 1495 1533 1587 1429 1460 1421 1574 1579 1522 1434 1372 1398 1408 1328 1248 1203 1117 1064 1049 1050 1050 1049 1048 1044 1049 1053 1049 1049 1050 1051 1053 1046 1046 1043 1041 1041 1040 1041 1035 1037
3869 3477 3458 3757 3591 3690 3409 3615 3980 3839 3453 3069 3398 3044 3038 3041 3031 2877 3247 3207 3110 3199 3417 3202 2857 2926 2744 2856 3174 2665 3393 2585 2469 2297 2230 2245 2240 2225 2207 2147 2146 2066 2050 1995 1942 1874 1863 1850 1947 1664 1506 1430 1344 1399 1420 1411 1337 1297 1336 1375 1410 1434 1453 1328 1245 1251 1202 1126 1076 1055 1050 1050 1048 1047 1046 1044 1048 1045 1048 1048 1046 1046 1046 1045 1047 1049 1042 1042 1038 1035 1036 1036 1037
3584 3660 3421 3793 3623 4140 4184 3785 3834 3263 3470 3324 3108 3061 3041 3066 3131 3110 2657 2662 2919 2700 2791 2873 3361 2670 2740 2687 2665 2842 2360 2462 2219 2187 2162 2123 2113 2078 2055 2009 1913 1919 1919 2125 1822 1779 1735 1978 1653 1364 1247 1217 1259 1298 1300 1287 1251 1257 1226 1214 1212 1223 1221 1196 1160 1132 1083 1060 1054 1053 1050 1049 1048 1045 1044 1044 1046 1046 1045 1046 1044 1043 1045 1044 1045 1044 1039 1040 1037 1033 1035 1034 1033
3908 4083 3558 3402 3491 3499 3438 3233 3124 2930 2685 2917 2962 2925 2569 2400 2495 2744 2606 2522 2517 2593 2640 2604 2662 2811 2489 2360 2259 2249 2178 2152 2084 2078 2064 2034 2000 1973 1933 1903 1849 1796 1765 1709 1838 1553 1459 1536 1344 1363 1249 1199 1175 1199 1194 1160 1134 1130 1140 1126 1095 1083 1080 1076 1080 1071 1062 1059 1056 1055 1053 1050 1049 1045 1044 1044 1046 1044 1044 1043 1043 1043 1042 1044 1044 1043 1040 1038 1038 1035 1033 1029 1029
3533 3547 2991 2873 3479 2906 3045 3184 2732 2389 2519 2350 2506 2575 2499 2345 2464 2617 2533 2565 2415 2602 2713 2927 2507 2344 2313 2269 2217 2136 2069 2025 1991 1984 1976 1949 1923 1855 1847 1825 1800 1727 1665 1600 1536 1496 1474 1517 1290 1196 1191 1167 1156 1140 1135 1122 1116 1106 1094 1090 1085 1081 1074 1067 1068 1065 1063 1057 1058 1056 1053 1052 1052 1047 1048 1045 1041 1045 1043 1041 1043 1042 1041 1040 1037 1036 1038 1035 1035 1034 1034 1031 1029
3090 2898 3062 2704 3406 2822 2579 2519 2443 2221 2140 2154 2720 2183 2342 2456 2253 2270 2589 2500 2451 2490 2563 2670 2357 2258 2213 2159 2118 2062 2006 1959 1926 1913 1900 1885 1870 1830 1786 1757 1738 1665 1615 1577 1598 1725 1822 1362 1164 1162 1161 1154 1152 1221 1250 1375 1301 1164 1089 1089 1083 1076 1071 1070 1069 1065 1063 1058 1059 1056 1055 1051 1049 1052 1051 1049 1045 1045 1043 1046 1042 1042 1042 1040 1037 1037 1036 1035 1031 1030 1033 1031 1029
2562 2710 2580 2905 2916 3207 2551 2360 2167 2054 2279 1988 1860 2090 1855 1927 2123 2307 2511 2124 2342 2208 2227 2247 2279 2237 2167 2118 2058 2007 1958 1920 1895 1903 1860 1838 1816 1805 1789 1757 1726 1683 1654 1673 1773 2140 2164 1215 1164 1162 1162 1187 1365 1549 1498 1291 1086 1080 1082 1082 1078 1075 1072 1069 1067 1065 1062 1061 1058 1056 1055 1052 1052 1049 1048 1051 1046 1046 1044 1045 1042 1041 1041 1041 1038 1036 1036 1037 1033 1033 1032 1029 1029
2523 2672 2294 2336 2295 2320 2468 2179 2009 1928 1836 1766 1661 1643 1726 1875 2169 2084 1996 1991 1970 2021 2176 2188 2138 2104 2074 2047 2018 1981 1994 1961 1982 1992 1967 1990 1982 1922 1937 1902 1860 1760 1754 1818 2202 1568 1362 1222 1189 1192 1240 1527 1630 1335 1082 1074 1076 1077 1076 1074 1074 1073 1070 1066 1063 1061 1061 1059 1060 1060 1056 1054 1055 1051 1050 1049 1045 1045 1045 1048 1044 1041 1040 1039 1039 1038 1037 1036 1033 1033 1030 1032 1029
2189 2096 2111 2088 2059 2149 2028 1933 1828 1787 1726 1674 1617 1605 1612 1599 1629 1737 1812 1833 1934 1905 1954 1971 2063 2087 1987 1907 2057 2040 2128 2012 2118 2205 2505 2223 2293 2170 2065 2005 2205 2041 2110 2063 1500 1363 1286 1259 1248 1268 1662 1616 1185 1080 1079 1077 1072 1071 1074 1071 1073 1066 1071 1066 1064 1064 1063 1061 1058 1059 1054 1056 1054 1052 1053 1053 1048 1049 1043 1047 1047 1042 1043 1043 1039 1036 1038 1037 1035 1033 1035 1033 1033
1937 1905 1877 1916 1892 1864 1835 1761 1693 1687 1660 1623 1598 1591 1587 1589 1597 1641 1704 2045 2215 1889 1871 1861 1927 1952 1933 1895 1813 1802 1929 1991 2004 2089 2255 2124 2354 2432 2213 1938 1701 1546 1494 1396 1348 1347 1358 1377 1422 1691 1864 1344 1079 1078 1077 1076 1076 1073 1076 1076 1072 1069 1070 1066 1069 1065 1061 1060 1060 1059 1056 1057 1057 1051 1053 1053 1050 1048 1047 1042 1046 1037 1045 1039 1043 1039 1041 1037 1037 1037 1037 1036 1035
1800 1757 1747 1741 1739 1716 1832 1629 1618 1614 1607 1593 1582 1583 1585 1593 1600 1645 1730 1944 1770 1703 1736 1804 2115 2027 2096 1865 1692 1716 1805 1901 1942 2065 2018 1610 1586 1540 1520 1470 1424 1397 1395 1413 1440 1459 1493 1927 2102 1401 1096 1081 1078 1081 1074 1080 1078 1077 1074 1076 1073 1070 1068 1068 1064 1064 1065 1061 1058 1061 1060 1059 1056 1056 1056 1053 1050 1052 1045 1046 1045 1043 1041 1039 1042 1041 1039 1041 1037 1037 1036 1037 1036
1675 1654 1643 1637 1638 1628 1595 1581 1580 1583 1582 1582 1577 1615 1650 1685 1801 2026 2321 2006 1687 1758 1987 2005 2011 1654 1531 1564 1607 1937 1996 2103 1574 1415 1402 1416 1397 1390 1386 1403 1436 1465 1495 1520 1585 2160 1761 1302 1138 1085 1082 1082 1081 1080 1082 1081 1081 1080 1080 1076 1071 1067 1069 1068 1065 1069 1066 1065 1065 1062 1060 1061 1059 1058 1055 1054 1052 1052 1047 1048 1047 1048 1047 1047 1039 1043 1041 1039 1043 1040 1041 1040 1038
1613 1614 1610 1604 1596 1583 1563 1562 1571 1628 1609 1650 1687 1754 1857 1809 2115 2170 2073 1806 1726 1855 2006 1586 1493 1499 1499 1510 1528 1468 1398 1373 1360 1359 1363 1375 1381 1400 1435 1475 1542 1603 1882 1806 2507 1591 1274 1120 1085 1085 1082 1083 1081 1088 1084 1080 1082 1083 1082 1079 1071 1073 1069 1072 1070 1068 1067 1066 1062 1063 1066 1058 1058 1058 1055 1056 1054 1049 1055 1050 1050 1046 1049 1045 1044 1039 1054 1042 1042 1042 1040 1037 1040
1587 1586 1582 1573 1570 1566 1564 1560 1557 1556 1556 1562 1620 1792 1618 1626 1731 1646 1610 1652 1504 1498 1492 1495 1515 1560 1570 1648 1565 1460 1417 1391 1372 1385 1389 1423 1431 1461 1519 1615 2180 2183 2279 1600 1442 1263 1124 1104 1090 1090 1086 1086 1085 1087 1086 1087 1085 1082 1082 1081 1076 1074 1075 1073 1070 1068 1069 1066 1065 1065 1064 1061 1058 1060 1057 1057 1053 1056 1052 1049 1050 1049 1046 1047 1043 1044 1044 1044 1043 1041 1044 1041 1043
1609 1627 1613 1578 1570 1562 1560 1557 1557 1554 1551 1551 1551 1556 1566 1581 1600 1643 1742 2037 1676 1498 1651 1680 1834 1853 1873 1865 1789 1611 1616 1599 1534 1509 1638 1611 1540 1648 1809 1944 2403 1547 1351 1259 1176 1109 1106 1173 1155 1240 1101 1090 1091 1093 1089 1086 1085 1087 1082 1078 1077 1075 1075 1074 1074 1069 1068 1067 1064 1068 1064 1060 1062 1062 1058 1056 1054 1055 1053 1053 1049 1052 1046 1050 1043 1047 1048 1044 1042 1045 1044 1047 1044
