PaleoCOOP_model/data/maps/DEM.asc
ncols        534
nrows        328
xllcorner    65.227621989403
yllcorner    40.072909291096
cellsize     0.041716604078
NODATA_value -32768
[rows 164 to 204 of 328, columns 372 to 464 of 534]
387 388 391 389 389 388 392 389 390 405 425 432 433 445 491 480 442 390 393 391 395 417 429 443 455 466 481 504 530 556 575 585 578 580 601 631 651 649 690 771 795 737 755 727 771 811 740 912 874 763 734 744 735 763 792 783 807 795 823 860 891 946 1016 1194 1269 1303 1180 1243 1310 1286 1338 1325 1289 1404 1384 1191 1165 1145 1109 1046 1026 1000 960 931 985 989 1016 1292 1184 1434 1628 1859 2120
379 377 380 380 379 378 378 381 378 384 416 442 447 449 441 450 425 391 383 377 383 420 530 438 447 458 467 479 499 517 528 530 527 543 567 588 597 600 664 683 701 653 642 657 655 726 730 825 928 865 673 670 673 687 696 718 731 733 768 800 816 861 922 911 988 1021 1060 1071 1108 1089 1124 1106 1062 1040 1018 986 1036 1019 901 863 871 896 866 904 895 955 1031 1216 1482 1780 2163 2203 1969
372 370 366 372 370 368 367 366 363 364 377 409 440 450 451 431 405 384 376 374 377 384 395 456 427 444 455 461 469 554 484 486 495 509 526 542 552 597 661 658 637 577 591 600 597 587 638 849 1200 986 660 618 613 612 628 653 668 684 709 733 747 773 798 846 887 930 937 943 947 937 938 942 914 906 870 857 834 806 793 783 793 785 930 955 1089 1190 1266 1279 1526 1584 1753 1757 2146
367 365 361 360 356 363 360 357 357 355 354 367 404 432 417 408 388 376 370 372 374 381 391 397 422 444 450 455 456 458 462 465 472 480 493 511 560 640 676 629 556 545 545 547 546 547 545 569 570 592 579 575 567 569 575 594 616 630 660 680 683 706 743 771 806 830 835 827 821 816 815 808 808 803 778 761 744 733 720 721 739 774 811 847 899 995 1038 1050 1073 1157 1471 1499 2249
359 357 355 353 354 357 356 355 352 351 349 351 352 370 412 409 390 374 367 368 366 371 429 425 424 438 444 445 441 434 439 441 453 463 472 519 530 590 625 653 576 517 508 505 543 504 502 474 476 503 521 524 527 528 541 557 570 578 601 631 634 666 688 721 731 736 745 744 730 729 730 738 730 726 725 725 701 681 683 707 738 771 808 862 904 956 1034 1123 1257 1527 1755 1794 2035
348 351 349 351 350 350 350 351 351 351 350 351 352 352 355 358 358 361 361 365 363 363 378 412 427 442 451 446 417 416 423 433 437 447 486 544 546 575 685 616 542 507 507 480 472 478 482 457 460 472 480 487 495 504 514 518 523 539 541 567 579 606 624 646 679 669 688 689 667 695 672 675 681 673 661 651 640 656 679 697 730 777 840 908 998 1064 1248 1584 1681 1731 1890 2229 1824
348 348 348 348 348 350 348 348 351 348 348 349 352 352 356 355 355 358 355 356 358 359 357 389 415 425 441 445 432 405 411 415 420 436 449 500 591 620 590 531 519 543 592 534 466 440 433 436 440 455 462 470 474 478 480 484 497 501 509 517 535 555 578 593 594 601 611 610 605 629 629 610 617 619 620 613 626 660 685 731 782 849 974 1167 1403 1556 1466 1863 1784 1879 2191 1729 1796
348 348 348 348 348 348 348 348 348 348 348 348 351 351 353 355 352 352 351 353 350 356 358 361 371 383 391 414 417 394 399 412 415 418 440 483 539 639 557 557 581 633 658 630 455 425 420 420 427 436 444 450 452 459 459 462 472 478 485 495 499 515 532 541 547 547 546 539 554 549 561 568 576 579 590 607 629 654 695 749 834 1072 1281 1680 1911 2074 1985 1997 1970 1910 1740 1551 1735
348 348 348 348 348 348 348 348 348 348 348 348 350 350 350 350 348 351 351 350 352 352 353 355 360 364 367 373 377 384 402 413 418 413 428 463 541 488 530 591 683 769 696 491 429 412 411 413 416 421 427 431 433 437 440 445 450 452 455 455 477 477 490 514 518 513 517 517 524 538 541 548 557 572 581 628 630 676 726 818 1047 1748 2021 2108 2300 2294 2247 1977 2064 2129 2107 2019 1802
354 348 348 348 348 348 348 348 348 348 348 352 349 349 350 350 352 351 351 350 350 349 351 356 357 361 366 371 374 385 399 407 415 424 419 485 487 510 556 671 647 512 458 432 399 402 403 402 400 407 411 415 422 418 422 425 426 431 433 441 445 458 463 472 478 487 496 502 511 521 529 536 549 565 611 655 728 854 1362 1643 1885 1889 2048 2246 2360 2050 2164 2159 2044 1762 1714 1945 1860
366 364 364 355 351 349 352 352 350 348 350 351 348 348 349 353 350 353 353 351 347 351 351 351 352 355 359 366 368 379 384 396 409 441 410 428 530 613 496 489 452 426 415 393 395 394 397 422 410 403 405 406 407 410 415 420 420 427 430 437 441 447 452 462 467 477 486 492 501 512 523 539 559 584 639 746 1186 1482 1541 1934 1643 1542 1979 2015 2068 2015 1998 1850 1865 1720 1867 1854 1844
375 370 361 351 350 353 352 351 350 351 352 348 348 348 351 351 353 347 347 347 347 347 347 347 347 351 355 357 363 371 374 381 389 392 406 397 428 459 418 387 385 383 385 391 392 394 396 404 404 417 421 418 417 413 415 417 416 423 426 434 442 445 451 459 465 473 478 489 499 516 527 545 573 612 653 799 944 958 1179 1487 1436 1906 2013 2010 2226 2252 2287 2183 2001 2141 2238 2133 2163
383 374 364 356 356 354 354 355 355 355 350 350 348 348 349 349 347 347 347 347 347 347 347 347 347 347 347 349 352 357 364 369 371 375 376 379 374 379 380 381 384 394 409 410 461 456 442 505 568 450 436 436 431 431 422 420 419 423 430 431 437 443 447 455 463 472 480 488 500 516 528 542 568 600 677 783 916 1119 1439 1825 2279 2256 2413 2299 2097 1683 1952 1691 1996 1855 1714 1889 1958
384 374 366 360 359 358 358 356 356 353 353 350 350 352 353 347 347 347 347 347 347 347 347 347 347 347 347 347 350 353 358 362 364 368 373 381 382 383 386 430 446 457 450 447 476 467 478 464 455 464 473 465 456 451 448 444 442 437 433 430 435 438 447 456 467 479 487 496 510 512 518 536 566 612 637 713 877 1155 1652 2334 2346 2109 2080 2194 2217 1804 1730 1273 1768 1619 1221 1082 956
381 374 367 364 362 364 360 360 356 355 354 356 353 353 353 347 347 347 347 347 347 347 347 347 347 347 347 347 347 352 364 376 378 378 385 399 414 432 442 436 457 486 494 534 611 618 566 630 656 538 519 515 503 505 510 504 494 476 464 456 450 444 448 463 477 492 499 513 530 546 547 593 734 780 829 758 877 1110 1654 1450 1550 1489 1330 1265 1141 1111 1137 1152 989 992 964 915 791
381 379 377 367 369 365 361 360 359 355 355 353 354 352 354 347 347 347 347 347 347 347 347 347 347 347 347 347 347 354 364 385 386 386 388 414 439 488 514 592 657 665 568 797 898 927 855 706 596 576 575 575 568 590 599 595 569 541 520 508 485 471 466 475 492 511 532 547 556 571 607 778 916 783 786 911 847 951 990 1063 1086 1080 1073 1013 942 918 875 850 848 828 792 755 715
393 388 381 370 372 370 366 371 362 363 360 354 354 354 351 348 347 347 347 347 347 347 347 347 347 347 347 347 347 347 354 359 362 370 386 424 467 506 514 689 773 787 812 716 731 803 881 823 715 658 642 640 646 671 693 679 638 615 595 581 556 528 500 491 500 527 562 588 603 633 761 654 736 730 767 959 973 924 855 901 931 939 930 900 865 831 808 783 782 774 751 721 688
406 395 383 377 385 393 391 389 383 374 367 358 353 353 351 347 347 347 347 347 347 347 347 347 421 347 347 347 347 347 347 350 356 380 398 422 472 594 667 845 778 779 684 761 836 898 987 961 799 702 690 731 734 765 751 766 739 708 694 678 647 620 587 588 619 675 743 719 643 703 787 798 708 755 709 778 765 844 881 909 951 967 968 906 884 846 799 787 808 767 742 713 693
436 413 391 385 407 421 432 431 420 406 384 370 358 351 347 347 347 347 347 347 347 347 347 347 347 347 347 347 347 347 347 354 379 397 421 476 612 729 931 1024 1073 815 713 891 956 972 1057 975 995 952 865 909 851 869 891 870 797 810 821 789 780 752 753 750 881 1224 1115 922 726 701 712 745 777 859 816 837 840 881 945 1076 1171 1074 1146 1081 1004 1026 950 967 882 810 802 788 814
562 627 668 567 469 455 471 471 457 437 413 390 367 356 349 347 347 347 347 347 347 347 347 347 347 347 347 347 347 347 347 363 386 415 458 499 587 642 672 790 849 842 873 845 794 859 930 1082 1110 1078 1043 1035 978 1097 991 976 984 1008 927 978 935 995 995 1320 1142 1139 920 829 752 753 761 777 824 858 889 888 882 966 1011 1167 1228 1189 1209 1119 1162 1052 1022 1149 1095 1056 1089 952 982
610 677 758 940 1107 968 527 509 486 458 429 401 373 361 352 347 347 347 347 347 347 347 347 347 347 347 347 347 347 347 347 360 393 427 478 534 585 641 759 863 841 846 901 957 1010 1092 1150 1163 1116 1362 1173 1327 1355 1362 1169 1281 1438 1276 1161 1099 1195 1554 1719 1228 1012 903 848 821 820 826 836 825 862 922 944 980 1007 1028 1260 1579 1479 1327 1304 1311 1173 1259 1216 1222 1202 1198 1111 1102 1068
697 813 1005 1009 1127 971 624 713 534 457 427 397 379 364 351 347 347 347 347 347 347 347 347 347 347 347 347 347 347 347 347 360 394 437 487 544 605 661 709 752 849 894 950 918 990 1167 1254 1336 1405 1530 1640 1739 1503 1679 1381 1300 1576 1508 1587 1649 1583 1891 1647 1142 1007 937 914 903 898 924 919 913 962 977 1074 1110 1127 1381 1515 1564 1605 1524 1366 1369 1533 1425 1396 1405 1417 1283 1217 1108 1017
672 693 720 789 725 791 933 1003 1109 890 543 505 428 372 359 359 371 370 363 347 347 347 347 347 347 347 347 347 347 347 347 353 391 436 497 556 615 678 737 792 839 859 961 1062 1105 1184 1450 1525 1667 1561 1927 1963 1653 1544 1477 1707 1787 1830 1713 1829 1842 1384 1217 1100 1047 1009 1001 998 988 1033 1043 1190 1370 1248 1303 1354 1424 1657 1590 1587 1590 1563 1569 1749 1737 1762 1571 1414 1241 1147 1097 1054 1028
849 828 866 816 743 906 1240 1465 1727 1695 1511 1069 1039 666 532 490 433 452 440 403 347 347 347 347 347 347 347 347 347 347 347 349 383 431 486 542 597 650 741 805 913 966 1088 1100 1122 1285 1324 1246 1533 1493 1811 2007 2159 1817 1687 1939 1875 1993 2035 1604 1447 1319 1219 1177 1131 1093 1095 1084 1093 1125 1155 1306 1411 1364 1502 1473 1489 1591 1609 1542 1520 1512 1542 1767 1513 1418 1321 1255 1196 1134 1077 1057 1051
1250 1288 1381 881 1276 1378 1520 1549 1601 1680 1864 2019 1934 1971 968 865 584 531 506 459 399 355 347 347 347 347 347 347 347 347 347 347 368 406 455 503 545 581 683 801 1051 998 1262 1342 1561 1655 1709 1758 1358 1453 1787 1820 2152 2274 2177 2238 2462 2631 2005 1623 1450 1363 1307 1263 1214 1187 1183 1203 1203 1382 1463 1421 1735 1725 1699 1677 1643 1665 1508 1519 1482 1486 1479 1434 1327 1341 1284 1273 1228 1216 1150 1063 1046
791 963 1006 1028 811 1096 1057 1042 1083 1295 1452 1748 1933 1796 1493 1449 848 617 546 487 473 435 371 347 347 347 347 347 347 347 347 347 353 384 418 478 566 641 749 840 1033 1396 1614 1643 1345 1533 2184 1543 1913 1845 1472 1942 1837 1875 2163 2065 2311 1903 1786 1639 1514 1431 1384 1340 1307 1273 1266 1301 1379 1641 1787 1781 1767 1725 1686 1674 1665 1624 1590 1488 1456 1458 1388 1330 1341 1334 1239 1180 1167 1164 1139 1140 1067
815 868 960 836 940 887 929 989 1016 1060 1125 1162 1228 1124 1081 1072 839 975 923 705 702 595 525 435 388 390 412 425 413 391 361 347 347 366 408 484 567 659 774 905 1124 1407 1817 1616 1768 2254 2177 2410 2442 2526 2115 2337 2436 2113 1884 2374 2281 1988 1921 1662 1527 1493 1459 1480 1456 1417 1393 1458 1604 1623 1837 1868 1805 1789 1753 1715 1653 1632 1646 1585 1573 1506 1409 1362 1308 1239 1176 1187 1205 1143 1125 1071 1031
919 969 1000 937 1415 1193 1088 1528 1246 1296 1308 1530 1460 1307 1293 1344 888 1854 1823 1153 1109 984 854 785 680 533 499 516 503 471 425 371 347 347 420 501 600 712 808 914 1299 1387 1841 2269 2468 2556 2726 2433 3050 3002 2555 2631 2345 2169 2066 2048 2012 1785 1721 1607 1611 1589 1568 1555 1621 1515 1466 1634 1736 1989 1916 1910 1763 1789 1722 1637 1619 1532 1538 1568 1494 1410 1354 1313 1299 1215 1159 1116 1136 1131 1063 1030 1049
1327 1387 1580 1643 1747 1945 1678 1725 1998 1869 1679 2077 2197 1603 2343 1903 1563 2364 2502 2099 2163 2170 1953 1839 1301 925 696 600 579 529 470 415 363 351 427 573 724 747 870 1005 1166 1274 1686 2107 2525 2448 2888 2648 2333 2109 2200 2304 2232 2241 2021 1856 1812 1737 1747 1732 1729 1715 1707 1673 1711 1602 1726 1628 1749 1995 1950 1763 1752 1694 1628 1569 1560 1583 1464 1480 1404 1362 1317 1270 1229 1197 1149 1124 1077 1047 1094 1053 974
1176 1295 1256 1324 1407 1519 1445 1316 1583 1722 2054 1976 2431 2150 2551 1799 1727 2257 2242 2504 2704 2745 2699 2894 2626 1909 1023 739 631 540 484 424 380 359 444 580 698 854 874 999 1158 1412 1760 1686 1917 1852 1779 1826 1908 1932 2010 2021 1991 1982 1903 1866 1834 1865 1913 1945 1918 1961 1998 1977 1994 1750 1805 1809 1844 2013 1902 1826 1787 1714 1670 1611 1581 1490 1409 1379 1374 1316 1268 1230 1202 1165 1134 1133 1166 1095 1035 1052 1005
1018 1110 1278 1240 1327 1372 1504 1345 1972 2073 1928 2360 2483 2591 2486 2660 2511 2266 2530 2430 2502 2504 2603 2150 1566 1313 1580 1928 1225 666 464 394 373 365 450 550 703 778 883 982 1083 1154 1369 1524 1380 1644 1686 1710 1736 1794 1860 1901 1879 1898 1931 1948 1972 1921 2016 2080 2115 2176 2181 2087 1917 1838 1790 1779 1791 1860 1887 1777 1730 1692 1645 1574 1534 1460 1392 1348 1297 1307 1281 1248 1187 1179 1207 1201 1126 1064 1021 971 942
1346 1309 1223 1391 1451 1868 1879 1828 1901 2222 1737 2101 2540 2748 2731 2823 2799 2766 2607 2257 1673 1643 1676 1998 2139 1783 1612 1903 2051 1652 1036 468 401 366 397 499 621 736 967 975 1126 1298 1361 1478 1580 1677 1738 1825 1918 1921 1966 1930 1948 1977 2129 2107 2275 2302 2144 2279 2231 2063 1965 1931 1864 1861 1787 1709 1735 1848 1792 1735 1704 1651 1588 1530 1474 1408 1350 1291 1266 1202 1180 1175 1188 1136 1115 1081 1040 1009 968 923 861
1763 1668 1746 1429 1765 2023 1713 1705 1883 1973 1904 1741 1795 2117 2129 2234 2346 2046 2286 2202 2427 2526 2783 2739 2336 1469 1893 1624 1463 1348 794 809 413 366 366 396 452 782 912 1052 1014 1214 1486 1473 1627 1764 1876 1916 2017 2067 2042 2051 2136 2266 2356 2380 2412 2434 2439 2260 2084 2026 1998 1951 1874 1826 1745 1697 1693 1792 1813 1753 1699 1597 1571 1511 1435 1394 1388 1323 1236 1157 1149 1139 1132 1091 1060 1031 979 944 900 861 816
1499 1620 1665 1462 1390 1452 1774 2153 2006 2297 2295 2543 2552 2779 2528 2965 3051 2932 3150 3271 3006 2979 2282 2076 1385 1957 1859 1689 1363 1478 1296 1375 995 407 382 382 382 437 581 744 1002 1009 1151 1313 1554 1676 1793 1812 1983 2035 2115 2181 2376 2456 2581 2564 2457 2109 2072 2030 2008 1998 1934 1845 1872 1835 1745 1652 1692 1718 1791 1727 1744 1686 1510 1472 1401 1395 1317 1275 1210 1267 1208 1137 1056 988 1020 959 942 894 834 800 758
1740 1599 2017 1893 1797 2088 1771 1822 2238 1898 2461 2670 2981 3010 2894 3479 3143 2676 1848 1686 1672 1590 1654 1757 1809 1981 1936 1777 1752 1582 1434 1298 928 1013 463 463 453 411 414 524 679 802 928 1052 1281 1364 1402 1544 1770 1918 2061 2126 2090 2264 2226 2112 2024 1920 1945 1956 1909 1875 1830 1822 1751 1775 1747 1752 1555 1694 1720 1667 1632 1487 1474 1480 1398 1346 1246 1206 1252 1219 1134 1070 1016 965 927 889 876 828 786 758 696
2294 2251 2222 1773 2345 1791 2739 2039 2643 2281 1822 2339 2207 2175 2542 2519 2046 2582 1937 2146 2285 2034 2138 2093 2199 2682 2444 2016 1752 1357 1145 1127 1307 1237 1151 585 518 438 414 465 562 661 776 910 1000 1139 1358 1535 1749 1828 1870 2061 2301 2241 2148 2066 1883 1807 1949 2006 1866 1807 1726 1711 1668 1685 1709 1649 1451 1520 1603 1480 1535 1428 1322 1365 1334 1254 1192 1141 1137 1056 1053 1013 960 892 879 839 803 760 723 679 652
2120 2436 2508 1770 2657 1791 2288 2536 3059 2517 2126 2609 2651 2386 2986 2465 3191 2157 3187 2971 2809 2867 3161 2752 3143 3151 2758 2156 1778 1675 1579 1270 1271 919 989 920 556 499 484 448 498 581 679 771 859 1098 1182 1323 1538 1736 1980 2158 2023 2061 2181 1928 1704 1936 1889 1957 1885 1815 1816 1762 1701 1574 1575 1647 1562 1391 1388 1447 1405 1374 1224 1178 1149 1173 1062 1036 1015 1004 946 924 881 828 784 754 752 716 671 624 579
2736 2624 2763 2398 1838 2532 2474 3253 3059 2356 2385 3132 3066 2684 2548 2648 2373 2605 3466 3346 3626 3334 3227 3280 2978 2866 2931 2436 2186 1648 1814 1650 1515 1456 1423 1229 929 628 579 514 458 500 575 683 788 831 1006 1237 1374 1604 1667 1804 2040 1893 1993 1834 1751 1878 1969 1923 1878 1756 1785 1721 1721 1643 1549 1317 1303 1194 1083 1258 1222 1158 1114 1050 1105 1051 988 1059 932 863 838 816 774 745 696 675 660 641 609 569 521
3094 3074 3166 2215 2104 2798 2378 2937 3039 2904 2452 3005 3133 2631 2560 3028 3150 3355 3569 3766 3732 3451 2504 2823 2433 3047 2193 2436 2226 2147 1801 1754 1556 1720 1142 1026 849 752 654 549 460 422 485 559 618 660 776 942 1130 1251 1384 1425 1410 1428 1640 1606 1472 1559 1863 1888 1720 1766 1628 1667 1578 1601 1474 1467 1406 1078 1216 990 1061 1014 974 943 991 911 955 876 790 757 727 708 671 634 594 576 560 557 531 501 460
3339 3237 3257 3075 2649 3324 2968 2716 3418 3055 3407 3674 3473 3561 3485 3249 3422 3156 3270 2822 3435 3149 2886 2404 2193 2609 2307 1856 1935 1759 1848 1787 1734 1400 1383 1509 1552 1488 913 677 520 415 380 426 467 514 605 727 865 1027 1048 1171 1222 1294 1185 1235 1170 1577 1824 1846 1753 1437 1501 1529 1520 1484 1285 1155 1121 991 972 906 894 899 847 834 801 752 761 724 680 649 618 597 565 520 498 475 463 472 462 431 392
3471 3267 2486 2851 3093 3105 2815 3238 3545 3214 3247 3217 2943 2691 2495 2413 2257 2660 2338 2210 2435 2214 2355 2338 1538 2076 1860 1808 1531 1769 1847 1823 1866 2313 2307 1994 1855 1833 1442 970 825 534 420 331 380 416 460 537 618 734 896 951 1023 1051 1019 1054 1126 1265 1373 1522 1562 1456 1497 1063 1275 1148 1008 974 930 856 829 803 782 774 743 706 669 641 617 552 564 547 519 490 459 420 400 382 375 393 380 363 347
