PaleoCOOP_model/data/maps/DEM.asc
ncols        534
nrows        328
xllcorner    65.227621989403
yllcorner    40.072909291096
cellsize     0.041716604078
NODATA_value -32768
[rows 0 to 40 of 328, columns 186 to 278 of 534]
23 25 28 35 40 52 78 98 106 113 119 124 127 129 128 130 129 131 130 131 129 122 119 117 112 109 108 116 112 112 111 111 113 111 111 112 111 113 112 111 110 107 107 105 101 93 92 83 76 98 99 108 104 104 103 107 99 105 103 101 101 99 104 104 101 105 103 100 92 100 100 100 101 100 98 107 103 101 100 106 105 107 103 104 100 98 104 106 103 103 99 101 102
40 37 41 47 61 76 96 99 98 101 106 113 121 122 125 128 128 130 128 131 131 127 124 121 120 119 119 117 117 116 116 119 116 117 117 116 117 119 116 118 114 112 112 110 105 97 89 90 80 79 81 108 109 103 105 106 101 104 108 108 110 100 98 98 99 99 102 98 101 107 102 103 101 102 101 103 103 102 105 106 105 102 107 104 102 103 102 103 105 107 106 109 104
82 77 76 85 99 104 106 111 112 114 118 121 123 126 126 127 124 129 128 129 131 132 130 129 126 129 125 123 123 123 125 123 124 126 125 125 122 121 121 119 118 115 114 111 109 105 97 91 91 84 81 99 105 106 103 102 106 108 109 106 105 103 103 98 94 99 97 100 106 102 105 102 102 100 102 98 98 103 101 99 107 103 101 104 107 110 105 110 108 107 110 108 109
112 109 105 107 115 112 114 117 118 119 122 122 124 126 127 124 128 129 130 130 129 130 132 131 127 126 125 126 125 128 129 129 130 130 129 128 127 124 124 121 119 116 113 113 107 103 100 96 95 88 81 80 84 107 107 107 103 109 111 108 107 107 105 103 102 97 100 99 97 100 105 105 105 107 103 107 103 104 101 105 103 103 103 106 107 108 109 110 109 108 108 106 107
115 117 115 116 118 118 121 124 123 120 122 124 125 126 126 123 103 102 118 108 107 113 123 123 122 120 117 124 125 127 129 130 129 128 126 126 124 121 120 115 112 110 107 104 101 100 101 99 97 95 92 81 78 83 89 102 108 106 105 106 107 112 109 108 107 107 106 105 105 100 104 107 107 106 106 105 105 106 107 111 108 107 109 110 112 112 111 112 109 110 106 107 104
117 116 117 118 119 121 122 122 122 125 122 122 121 119 115 114 104 76 57 68 54 69 71 86 80 102 112 115 111 112 117 123 124 125 125 123 117 112 109 110 105 104 100 100 98 98 99 99 98 97 97 96 81 79 82 83 90 107 110 103 104 104 104 105 106 111 113 109 108 104 105 105 106 107 109 107 106 107 109 112 114 115 114 115 111 109 108 104 111 110 109 107 108
116 116 115 118 116 119 118 117 119 118 120 118 114 106 80 55 49 46 37 41 41 43 48 54 60 68 76 96 109 114 118 124 121 121 116 111 112 107 105 102 93 102 100 101 99 101 97 99 100 100 99 97 95 94 90 81 83 83 84 114 107 108 105 104 104 110 108 111 109 107 103 106 104 104 105 106 106 107 106 102 104 104 106 103 109 107 106 107 108 107 106 106 105
110 108 109 111 108 114 116 116 115 116 117 111 101 74 58 46 40 37 37 37 37 39 43 47 53 75 90 102 107 115 113 117 109 110 107 107 110 106 102 99 90 101 105 101 101 100 102 100 99 100 99 98 98 97 95 94 92 93 83 101 113 110 107 105 104 102 102 104 104 108 105 110 105 106 104 99 102 106 104 105 105 105 104 107 106 106 104 105 105 104 103 103 104
79 72 64 61 61 61 65 75 90 96 96 97 80 61 49 39 37 37 37 37 37 38 42 47 56 78 91 96 108 110 115 109 106 106 106 106 106 110 105 103 93 108 101 102 102 95 95 104 100 96 97 91 97 97 95 96 95 93 84 84 107 116 110 107 107 106 103 103 102 104 106 106 105 108 105 105 105 105 105 105 104 102 104 104 102 103 104 104 102 102 103 105 104
61 61 61 61 61 61 61 61 61 61 70 85 80 70 61 56 54 50 46 42 43 44 49 58 76 86 99 105 110 113 112 114 116 114 113 108 110 108 107 109 104 105 104 102 101 102 101 106 103 102 100 97 100 96 95 96 96 93 93 85 83 109 114 109 108 105 106 105 104 106 104 104 107 100 105 105 104 104 103 100 99 104 95 104 101 104 101 101 102 104 104 103 103
61 61 61 61 61 61 61 61 61 61 61 68 76 95 85 84 75 66 57 58 65 66 74 86 98 101 105 115 119 126 122 121 120 117 116 116 112 113 110 109 111 112 109 108 110 110 108 110 111 112 108 100 98 99 97 97 96 95 96 83 87 85 86 114 112 106 108 106 106 105 106 105 103 104 101 103 103 103 99 102 101 97 96 99 102 103 101 104 101 105 105 108 105
65 65 61 61 61 61 61 61 61 61 63 77 87 96 101 108 96 85 84 87 94 98 105 110 113 123 127 129 127 125 124 123 122 121 122 120 119 118 116 114 115 115 118 116 116 116 118 117 117 115 113 111 110 108 103 99 94 94 94 93 87 92 85 105 111 112 111 108 106 106 105 104 103 104 106 101 101 104 103 101 104 101 101 103 105 106 103 103 101 104 105 105 103
62 64 63 61 61 61 61 61 61 61 69 82 92 108 121 124 125 118 112 117 105 123 131 128 128 129 129 126 128 126 124 125 125 122 121 119 119 119 121 121 119 119 119 119 118 119 120 119 118 116 117 115 113 109 104 101 98 97 96 94 94 90 84 84 88 110 108 107 107 103 106 100 104 104 105 104 102 101 100 101 97 103 102 102 98 101 102 102 106 103 103 105 107
63 66 67 67 65 61 61 61 61 61 72 86 109 119 134 138 136 134 132 130 132 131 128 126 128 125 123 124 124 122 121 122 118 118 116 116 116 116 118 117 117 116 118 119 119 120 119 118 117 115 115 111 105 104 103 97 97 96 97 96 92 94 96 93 87 86 109 110 106 107 108 105 106 103 102 102 97 90 95 103 90 106 100 98 99 104 101 99 98 104 103 91 88
69 66 66 68 65 66 64 61 61 61 66 78 91 98 123 135 135 132 129 130 127 126 129 131 130 124 119 114 123 120 119 113 114 111 112 111 114 115 114 112 114 115 114 117 118 119 119 115 110 110 112 108 107 105 100 100 98 97 98 97 99 96 93 93 85 86 87 88 94 103 109 108 106 106 107 106 104 108 105 99 99 104 100 105 101 101 105 101 101 100 97 98 94
68 69 69 67 68 65 63 65 61 61 61 69 78 82 88 94 107 113 118 126 137 139 141 132 117 117 123 118 117 119 114 112 113 105 106 105 106 110 109 109 111 118 119 117 120 119 119 115 115 115 115 109 106 104 104 102 98 99 97 98 98 98 96 98 93 94 88 91 87 93 95 92 98 111 110 111 111 104 100 103 99 101 94 92 91 99 97 96 103 100 100 101 103
71 68 68 69 68 67 67 65 64 61 61 62 63 70 81 87 105 119 127 135 143 144 138 127 118 115 114 114 111 106 107 105 101 96 92 105 104 95 108 90 90 91 106 114 121 120 119 121 119 113 113 108 107 104 103 100 98 100 92 92 101 98 103 103 100 98 99 88 87 89 88 88 90 88 98 92 93 92 96 94 94 97 104 99 101 104 104 99 106 105 104 106 108
73 72 71 70 67 70 69 68 67 63 64 64 64 64 71 87 100 117 129 142 147 143 126 115 106 96 110 101 97 97 83 79 81 91 100 103 96 106 103 95 86 93 92 93 101 106 116 108 112 106 103 100 103 102 102 100 100 102 102 99 102 94 106 107 105 105 101 97 101 97 90 91 86 89 91 90 91 90 93 97 96 102 96 100 101 105 105 100 103 107 107 105 99
76 74 70 65 75 71 72 71 70 69 69 68 72 63 71 94 103 116 131 143 139 133 125 111 102 100 97 78 76 74 74 73 75 82 100 113 106 106 90 102 98 96 99 90 89 94 90 96 92 93 107 105 110 111 112 102 98 98 103 97 97 105 103 110 107 106 109 109 106 102 103 105 104 92 95 91 92 93 93 95 92 95 100 98 108 99 101 102 102 101 102 96 101
83 77 72 65 69 73 69 76 75 71 71 66 65 73 76 103 109 124 125 110 120 127 122 117 109 80 69 74 72 72 73 73 78 81 91 100 118 107 106 104 101 94 103 88 92 86 89 92 94 100 103 108 116 110 107 102 93 89 100 97 101 94 97 115 110 111 111 106 109 110 108 101 98 102 104 102 92 92 91 91 92 91 93 94 94 97 98 96 92 92 109 105 106
99 91 90 82 77 73 74 74 75 75 75 68 72 67 81 106 109 106 106 106 106 112 120 110 96 75 66 66 69 67 71 82 79 79 86 98 110 94 106 102 90 98 98 98 89 95 92 98 103 105 110 111 116 114 108 109 103 99 99 98 100 102 110 110 111 111 108 108 108 107 107 108 107 104 102 102 100 99 91 91 99 98 97 94 93 95 97 97 100 107 106 104 103
115 99 94 92 85 81 77 74 78 77 74 73 70 73 72 72 75 72 74 88 103 113 119 105 87 74 66 66 71 67 72 84 87 79 109 113 106 104 99 99 102 96 103 99 99 98 100 104 112 117 114 112 110 116 114 110 105 112 108 109 106 102 107 108 113 112 110 110 110 110 111 109 109 106 106 105 106 105 100 97 92 93 93 90 94 100 95 102 98 106 99 104 101
121 117 108 102 101 90 85 80 78 78 78 74 72 72 75 72 73 71 74 85 105 106 117 107 95 76 71 69 66 82 76 87 99 83 90 103 86 93 108 98 100 104 100 100 105 105 105 106 106 116 115 116 115 118 119 116 114 115 116 112 105 106 107 103 111 113 111 112 110 113 112 112 111 111 109 108 109 109 108 107 100 93 94 95 96 95 95 102 100 101 107 107 104
131 123 105 106 101 99 93 85 81 79 78 80 77 78 75 73 73 75 82 95 107 107 115 115 103 98 90 91 84 78 83 91 86 83 87 90 86 100 100 110 103 98 105 104 115 113 113 109 114 109 108 116 122 120 119 120 119 120 117 115 110 113 109 106 111 114 112 111 111 112 113 112 112 111 110 110 110 108 112 109 110 104 95 95 95 98 98 96 104 106 111 108 107
137 139 111 104 100 104 92 78 81 81 82 83 85 83 81 80 81 78 79 84 109 112 130 113 108 104 100 98 96 94 93 89 84 83 84 85 88 88 92 100 112 116 129 133 130 122 116 109 108 105 96 88 98 122 127 127 122 126 123 117 112 100 92 95 93 113 112 114 114 116 115 112 114 113 109 110 108 110 114 110 109 109 110 96 95 96 98 98 103 102 106 110 107
142 143 124 129 90 104 66 66 90 85 85 86 87 87 86 84 85 82 86 106 119 117 115 108 103 100 103 102 99 94 93 85 84 87 86 85 85 90 89 96 120 125 142 141 135 121 109 101 95 99 93 110 120 121 126 126 132 122 115 111 100 94 90 87 81 93 105 114 118 118 115 115 114 117 114 112 111 112 109 109 110 110 110 102 97 96 95 97 96 98 107 105 108
142 134 140 128 112 86 98 98 98 106 100 97 92 91 88 87 94 106 102 105 110 107 109 109 104 99 98 103 98 100 96 90 83 84 86 89 87 95 109 110 126 138 142 137 126 114 113 100 88 97 104 110 125 131 135 136 133 127 123 118 113 107 103 104 110 110 114 114 115 116 117 113 116 116 116 113 114 110 112 114 110 113 113 111 104 96 98 99 96 99 102 106 103
156 144 137 124 122 124 120 122 121 134 129 98 92 97 122 123 123 125 120 117 114 110 112 110 109 110 105 103 102 100 98 97 93 91 92 90 94 91 95 101 116 128 132 116 107 111 112 109 110 106 116 106 100 122 128 134 129 128 131 122 121 119 114 109 103 100 106 113 116 116 120 115 116 116 117 113 109 114 111 113 113 112 111 111 110 102 97 99 100 95 106 106 96
158 151 142 138 142 146 136 125 123 137 120 102 139 141 138 134 129 123 121 118 116 109 99 95 95 103 107 108 104 104 106 107 104 101 100 100 103 99 98 96 102 105 121 110 102 102 104 107 108 111 117 119 109 104 124 125 124 127 135 126 128 120 116 111 111 116 117 118 117 119 115 117 116 120 116 112 109 112 117 116 114 109 111 113 111 107 101 100 99 100 95 107 106
170 166 159 163 154 153 152 150 137 131 147 146 145 144 141 134 130 135 132 123 109 97 82 72 71 69 75 79 83 104 108 108 112 109 109 106 105 104 102 99 100 97 98 99 100 100 102 103 109 111 113 116 124 123 115 109 122 118 117 122 123 121 114 106 93 97 100 100 107 118 117 119 117 117 118 119 115 110 113 117 113 113 113 113 112 114 105 99 98 100 107 100 106
177 178 170 171 165 163 152 155 157 163 157 154 152 151 149 145 141 141 139 117 95 79 72 69 64 64 68 68 83 111 114 116 115 112 109 109 104 104 100 101 103 105 103 104 104 103 104 105 104 110 109 111 116 121 121 122 122 124 118 113 112 112 105 91 91 98 100 100 98 108 124 121 134 131 120 119 117 111 111 114 115 114 115 113 115 113 113 104 99 98 100 104 109
183 185 190 183 167 164 168 181 182 182 164 157 156 155 153 149 128 128 120 122 97 87 74 70 72 70 69 76 107 116 113 110 111 107 103 103 103 100 106 105 105 108 107 107 108 106 107 108 107 108 110 109 110 115 117 120 122 114 102 98 95 91 103 104 104 104 100 109 106 118 124 122 119 118 127 120 120 111 105 115 118 114 113 116 114 113 114 115 108 102 97 97 110
177 185 175 166 192 198 187 190 170 168 165 162 159 156 151 135 120 115 110 103 101 93 87 84 75 77 98 107 113 120 124 126 115 113 111 111 115 112 111 111 110 110 110 109 110 110 109 108 110 109 108 111 110 113 111 109 102 111 112 112 111 108 107 106 98 101 101 100 108 122 122 131 132 125 121 125 113 116 104 113 123 115 115 115 114 114 116 115 114 102 103 106 109
186 192 181 204 207 198 196 189 186 181 165 176 173 169 152 144 141 124 108 101 107 99 95 91 89 88 104 114 115 116 120 128 136 131 124 124 119 120 119 116 114 113 112 114 111 112 112 112 110 112 111 112 113 114 111 112 107 108 107 106 105 104 103 105 104 104 105 101 110 119 123 124 128 121 119 121 121 119 119 117 119 117 114 115 115 115 114 116 116 106 101 110 105
163 194 221 203 203 200 195 197 190 176 191 189 185 184 176 169 144 137 132 127 120 116 107 102 106 109 111 111 115 120 129 143 141 143 140 125 122 123 123 121 118 118 117 118 117 117 118 116 116 114 115 113 116 115 112 113 112 111 111 111 109 108 107 104 101 99 102 101 103 121 122 122 130 127 126 126 124 124 123 118 118 117 116 114 116 115 114 115 117 114 102 103 103
204 218 223 212 214 205 200 196 191 187 185 187 184 183 180 177 178 176 166 163 138 128 122 122 121 120 119 123 125 131 132 142 145 143 145 136 130 130 128 126 123 123 122 120 120 119 119 119 120 120 119 119 118 118 116 117 114 112 112 112 109 110 106 104 102 100 102 98 98 118 122 128 126 129 127 121 129 120 129 119 117 115 117 115 115 118 116 116 117 117 111 104 104
212 205 215 211 206 217 214 207 197 200 185 192 192 187 184 183 177 176 174 172 169 161 154 154 133 135 129 130 133 137 142 145 149 152 150 141 138 141 137 132 129 127 123 122 120 124 125 125 124 125 124 121 123 120 120 116 120 117 114 114 115 112 107 109 103 100 101 98 98 106 122 131 130 129 124 130 127 126 123 116 108 114 119 120 119 116 117 117 115 114 111 105 103
204 224 215 209 223 216 217 207 202 194 190 197 199 179 184 178 160 175 171 168 165 165 159 158 162 158 155 143 144 148 146 150 153 158 153 148 153 140 138 134 126 125 124 127 130 132 134 132 131 129 128 129 124 124 123 120 122 116 116 114 115 115 115 114 115 115 104 98 100 111 114 125 123 125 123 124 124 127 126 124 112 122 121 119 118 119 119 117 119 118 116 103 106
228 232 220 236 218 227 228 232 229 216 211 211 230 188 181 198 197 180 173 154 151 162 172 171 172 173 169 170 167 169 177 175 172 163 156 151 148 144 137 132 129 122 123 131 131 138 139 137 136 135 133 130 128 128 124 120 126 124 120 111 112 109 110 117 113 116 118 114 117 115 113 122 126 123 124 125 124 124 125 129 125 114 124 122 120 118 118 117 118 118 119 120 118
233 245 244 252 260 262 239 286 291 274 279 251 220 235 216 206 203 189 192 178 153 162 188 188 184 182 181 182 186 186 182 179 175 170 160 176 173 162 161 149 150 136 142 146 151 146 145 142 141 138 137 134 132 136 128 128 131 130 129 123 114 99 99 119 121 113 114 118 119 118 120 126 126 125 122 124 121 126 126 127 128 129 130 128 123 120 116 118 118 119 122 120 123
245 248 257 282 313 314 261 262 295 310 299 264 256 235 232 214 212 236 216 187 178 179 203 198 197 201 198 204 199 196 194 190 172 192 186 187 185 187 181 186 176 176 175 165 158 150 150 148 143 141 137 139 150 151 143 140 137 133 132 128 122 119 113 111 120 113 114 117 119 120 122 125 125 127 127 127 124 125 125 125 125 127 117 111 105 126 127 121 119 119 120 121 121
