PaleoCOOP_model/data/maps/DEM.asc
ncols        534
nrows        328
xllcorner    65.227621989403
yllcorner    40.072909291096
cellsize     0.041716604078
NODATA_value -32768
[rows 0 to 40 of 328, columns 93 to 185 of 534]
192 186 184 179 185 179 179 176 178 176 174 174 172 167 168 173 172 173 172 166 164 161 163 163 156 146 140 142 136 135 126 111 108 103 102 105 106 102 116 118 112 104 99 95 95 100 100 112 125 134 133 132 128 125 124 120 114 117 113 103 99 93 93 83 78 70 67 63 60 61 96 113 119 121 120 122 122 127 129 125 121 118 118 115 114 110 97 95 84 52 41 34 27
188 182 181 185 177 183 183 182 180 180 179 178 169 173 179 179 178 179 184 187 185 190 178 164 160 158 153 156 155 154 152 142 134 129 133 134 126 130 125 113 116 115 112 108 106 106 111 123 139 139 135 134 129 112 102 95 94 82 82 77 77 74 72 70 67 64 63 62 60 64 75 104 123 127 130 131 133 135 130 127 125 122 121 120 116 113 111 107 103 88 61 52 43
197 197 199 200 195 198 195 190 189 187 186 181 175 179 183 187 196 201 209 220 218 208 195 183 175 173 170 171 171 168 155 155 157 153 146 143 146 138 139 134 141 137 126 119 121 121 127 130 138 137 143 136 124 117 107 96 92 93 92 91 87 86 87 87 80 75 72 68 66 71 70 98 119 126 130 134 135 134 126 130 126 123 124 118 120 117 117 117 111 108 107 95 85
235 225 223 217 208 210 205 204 199 195 190 185 185 185 195 196 190 199 189 194 202 202 203 203 202 193 196 195 174 173 170 165 162 157 149 158 153 149 152 143 148 141 137 143 150 143 137 137 133 132 126 123 119 116 112 112 110 109 102 98 103 98 88 83 80 80 77 78 75 79 84 108 118 123 126 124 120 129 122 122 123 122 122 124 120 121 120 119 119 117 117 114 114
264 256 241 236 228 227 225 215 209 200 195 187 191 201 207 207 201 205 208 208 205 211 206 204 193 192 200 200 194 198 189 174 171 167 166 161 158 159 157 158 159 160 161 163 158 153 153 148 144 152 143 147 145 138 130 133 121 109 111 110 97 109 138 104 93 99 93 87 91 98 94 95 108 123 126 125 122 127 125 126 123 122 123 122 121 123 121 121 124 120 121 118 117
259 255 246 237 243 238 235 231 215 195 211 197 216 213 213 217 212 216 216 217 219 213 208 209 218 217 217 215 212 205 202 191 183 185 183 176 177 170 157 163 168 170 171 168 159 159 159 162 162 163 162 160 163 156 156 151 144 134 127 142 142 139 148 148 150 149 150 109 111 114 108 101 100 100 109 122 127 129 127 126 124 120 124 125 123 117 121 122 117 120 122 119 117
268 263 259 254 254 241 233 220 202 200 228 226 235 252 267 234 220 207 224 230 218 214 225 216 227 223 225 224 213 206 195 190 187 187 187 184 192 186 189 182 182 179 178 175 171 172 176 174 182 186 196 203 201 183 171 155 154 152 150 152 161 164 162 168 162 158 157 146 133 120 117 118 115 114 115 120 128 128 126 127 124 127 127 117 129 117 124 120 120 117 117 118 117
251 247 239 193 236 220 205 222 215 241 243 243 235 235 245 269 285 254 226 222 247 241 234 232 232 235 231 218 198 172 179 188 213 210 197 197 200 206 213 200 191 200 187 198 187 188 191 195 212 212 223 214 203 202 181 174 171 169 170 161 168 168 171 170 167 158 158 158 143 128 127 136 129 127 129 125 119 122 130 125 125 123 120 118 115 119 116 116 120 116 111 114 112
239 248 219 215 218 221 239 251 254 258 261 271 260 256 266 264 267 258 241 236 243 246 252 252 244 230 208 204 219 219 204 203 214 224 215 210 218 229 221 217 204 211 202 209 211 207 215 221 207 221 217 209 208 207 199 185 188 175 183 176 189 188 187 190 179 183 178 175 164 149 143 139 131 122 122 113 121 121 118 123 124 120 118 115 113 106 100 94 100 91 89 86 82
264 245 220 218 219 221 238 247 260 269 268 271 275 278 284 264 251 242 232 263 260 255 249 231 228 221 230 233 233 210 201 208 224 220 230 240 244 235 217 211 205 224 227 234 230 216 214 232 223 229 225 213 211 192 184 186 203 209 211 195 192 202 206 204 200 202 189 169 159 151 147 141 127 120 115 113 116 117 116 117 122 124 122 119 114 101 93 85 77 75 83 80 67
264 253 253 238 225 220 226 250 257 253 257 270 263 275 294 274 268 251 251 273 265 256 236 224 228 227 224 212 215 226 238 233 237 255 264 264 242 233 250 272 223 228 221 231 234 225 229 219 205 200 202 196 201 188 200 193 200 205 211 219 210 221 224 221 211 208 190 167 161 154 148 147 143 134 130 127 127 123 125 128 127 126 123 121 116 111 93 78 68 66 63 64 61
265 254 238 243 277 297 237 230 233 231 237 243 260 281 305 257 279 292 275 269 266 254 252 268 243 242 250 236 215 224 230 255 249 249 245 242 249 234 263 244 224 242 246 240 254 246 246 218 216 209 209 208 205 231 228 228 223 230 226 232 226 215 194 187 176 175 174 162 161 158 160 150 148 147 139 142 133 133 144 134 129 127 128 124 120 98 80 67 61 66 66 67 61
353 356 271 247 274 296 302 265 294 286 269 250 253 257 273 263 267 282 300 294 284 267 259 253 241 237 245 244 264 247 262 270 270 286 279 257 250 245 245 251 279 272 262 265 250 242 230 247 240 237 238 231 267 261 240 236 233 221 219 195 192 189 186 179 169 176 174 165 173 168 164 158 155 155 150 148 146 145 143 132 125 114 116 107 102 87 77 72 66 61 65 66 65
291 271 257 269 268 278 285 296 304 306 288 291 308 277 280 269 272 287 292 285 307 319 323 261 269 272 295 312 297 277 285 273 290 259 251 279 255 263 291 278 278 284 276 276 267 260 242 229 225 240 252 259 252 240 233 225 223 208 205 205 193 177 177 194 189 183 178 176 172 173 168 174 170 170 171 163 158 155 148 143 138 126 116 120 111 107 96 93 69 61 68 61 61
309 281 299 302 307 292 317 334 317 305 309 330 348 300 298 310 286 280 281 295 314 326 319 332 314 387 354 326 332 291 296 322 321 278 279 309 287 295 287 295 291 283 276 265 264 255 251 242 228 231 241 240 229 230 218 207 205 193 198 199 201 201 212 207 191 181 181 174 172 180 176 179 189 195 193 191 180 171 163 155 152 149 132 129 130 120 124 85 95 75 61 62 61
291 309 330 324 344 320 322 395 384 359 354 354 353 325 318 329 308 298 341 320 329 353 422 370 339 304 325 298 294 304 317 369 415 405 346 328 315 304 306 300 293 283 274 266 254 252 242 235 237 243 246 258 253 232 220 208 192 185 195 196 197 196 195 195 179 183 179 173 180 179 180 191 199 213 200 204 185 176 175 170 162 145 140 143 132 128 127 118 110 99 76 69 66
312 361 345 366 366 395 352 383 417 381 354 343 338 365 310 281 299 316 316 327 320 342 355 331 298 565 393 323 315 366 419 431 425 449 389 349 334 344 314 305 291 290 285 271 266 260 253 237 227 251 266 259 255 250 221 210 205 204 193 190 183 185 178 165 152 162 162 181 184 184 176 190 202 206 192 198 190 183 183 188 183 154 150 147 141 138 128 118 110 104 82 74 67
312 331 346 352 375 391 431 397 378 343 340 356 359 341 378 327 294 316 377 345 328 333 346 346 447 470 465 462 409 368 420 554 423 454 374 338 315 301 294 298 287 279 279 277 266 259 257 255 256 256 257 248 240 232 231 218 202 195 190 178 167 158 152 152 162 162 167 184 189 188 193 200 212 207 209 202 195 191 191 186 181 167 154 148 141 132 139 125 120 106 102 92 76
361 362 366 370 364 377 391 401 425 403 371 379 364 358 384 407 402 340 353 355 350 345 351 348 363 582 388 430 475 444 437 471 474 422 408 373 424 319 292 304 308 275 274 301 301 296 287 283 273 261 253 248 239 239 235 227 204 189 174 171 171 177 193 152 162 172 180 190 193 197 204 217 214 218 212 209 204 203 194 183 165 162 155 152 149 138 127 125 123 118 104 95 82
369 399 388 376 370 376 407 420 448 456 377 362 375 380 364 390 374 391 381 369 352 360 356 357 384 404 419 449 467 477 483 449 436 415 391 399 411 347 343 326 319 322 311 302 300 281 277 274 270 266 257 252 251 244 233 227 221 202 186 196 212 241 225 209 215 208 205 197 192 204 219 221 215 210 212 203 194 183 175 181 175 173 168 161 154 143 136 132 114 105 103 96 93
386 395 411 394 400 406 415 427 469 440 440 437 397 406 368 373 395 426 393 381 364 380 403 360 366 382 395 426 452 469 497 471 454 477 390 377 401 367 356 342 338 327 317 310 291 284 271 271 265 259 248 247 244 239 230 213 241 253 245 245 229 223 220 218 208 203 197 214 225 215 208 224 209 198 191 194 184 197 197 200 200 191 186 177 170 153 162 139 129 137 124 135 128
465 435 420 429 440 433 493 446 459 469 446 447 436 381 374 385 402 442 388 374 385 428 404 386 393 423 413 425 464 469 466 482 448 427 402 411 380 382 369 339 331 328 314 333 313 298 297 295 291 278 257 247 247 236 238 247 258 257 248 237 234 217 225 223 214 210 217 218 226 220 214 224 218 213 204 223 201 201 212 216 217 218 199 188 183 181 180 164 149 156 145 145 134
459 436 462 436 452 451 440 435 444 476 446 438 400 475 380 428 422 414 471 408 406 441 443 427 418 393 402 405 395 404 417 421 411 416 409 387 377 361 368 371 350 336 331 320 317 313 303 288 284 288 277 276 271 279 263 255 252 247 241 232 230 221 224 227 223 218 216 224 228 236 234 231 235 225 219 219 214 211 203 199 223 219 220 208 223 207 200 187 173 168 166 144 131
430 427 454 481 432 418 436 424 427 430 441 485 441 420 423 434 454 462 442 440 453 452 447 420 419 432 401 384 377 381 378 391 376 382 399 393 374 368 349 355 360 369 355 345 320 312 307 293 287 284 273 268 262 257 263 254 240 227 236 225 234 258 237 230 225 222 228 233 251 242 254 245 242 238 248 246 252 241 248 230 235 238 232 225 215 209 215 206 180 163 151 142 132
423 423 424 417 412 407 411 408 409 409 412 409 433 408 420 444 427 413 404 419 464 433 447 486 456 410 391 378 374 372 378 376 367 376 391 376 378 361 368 368 383 376 357 342 327 316 306 306 283 268 252 248 240 240 241 235 243 217 215 215 234 248 242 238 226 222 222 242 238 247 253 259 247 248 248 249 239 249 238 235 234 242 217 213 202 201 190 189 185 170 156 143 140
446 440 453 447 427 414 411 406 397 392 399 416 414 390 398 420 398 439 457 472 473 433 440 443 442 442 383 368 369 378 365 360 388 382 389 392 428 379 384 386 376 373 343 326 317 309 305 293 285 276 288 260 257 282 266 251 252 259 239 238 238 252 244 231 250 225 228 245 255 265 250 259 247 240 238 235 230 237 229 232 232 239 222 211 203 209 199 192 176 177 174 156 156
495 485 452 422 424 433 420 408 398 400 425 417 399 382 420 416 435 430 419 425 414 405 398 412 398 392 372 356 352 350 363 378 404 431 462 457 415 395 392 387 382 353 346 325 320 312 313 308 282 293 282 276 280 298 311 271 254 283 266 262 244 251 250 242 240 255 254 243 250 254 249 248 236 238 232 234 225 219 217 215 226 222 211 218 214 211 199 186 183 175 166 167 151
492 496 521 454 430 410 419 399 397 389 404 391 376 400 418 413 398 399 401 401 409 434 402 380 388 373 368 347 346 367 381 384 408 443 417 447 415 406 371 365 366 341 334 325 315 305 311 309 300 288 291 299 325 292 279 271 270 271 271 258 265 258 254 248 253 253 255 255 254 248 246 249 249 240 227 220 209 201 221 223 228 211 205 197 203 209 202 189 180 172 164 157 161
451 481 495 473 439 407 404 382 382 393 375 374 393 405 395 425 411 396 386 390 388 398 404 387 390 364 366 347 342 365 372 388 400 446 426 406 385 367 355 343 343 347 331 325 327 333 325 312 302 276 276 278 283 290 280 267 298 299 295 279 272 266 261 259 284 289 267 267 255 251 248 252 251 239 235 232 218 209 216 215 208 209 224 196 198 205 203 186 174 166 158 157 182
426 400 446 451 454 408 401 391 382 374 365 389 435 397 390 439 481 429 398 382 379 396 397 409 392 376 348 339 350 355 366 381 410 433 428 409 383 371 356 340 335 335 345 324 313 313 311 298 289 279 277 280 286 298 326 333 297 301 294 286 276 263 266 289 290 297 302 276 273 258 250 247 242 243 248 244 239 219 207 202 202 213 209 197 202 204 204 201 195 175 170 173 178
386 389 435 443 475 416 418 401 384 386 388 378 386 387 380 424 412 392 382 372 366 385 391 444 381 355 348 341 361 380 392 402 410 418 394 382 374 367 356 346 337 327 320 320 309 311 302 313 297 288 291 304 331 302 322 323 305 292 280 275 271 283 306 301 301 298 290 292 274 267 254 245 240 234 228 223 237 228 212 204 202 208 201 197 208 207 199 189 196 197 192 180 184
386 376 432 459 478 431 416 387 403 393 384 375 364 355 390 412 406 382 372 363 356 351 358 364 346 340 342 374 390 408 421 422 400 410 402 407 393 368 351 335 322 317 322 323 319 314 307 301 297 298 336 309 335 355 335 318 307 302 284 294 300 303 309 295 289 281 275 278 275 255 269 269 238 244 251 237 229 222 211 208 202 202 212 220 214 211 203 199 206 182 180 176 186
374 409 420 452 460 471 443 413 397 376 368 365 362 375 413 423 408 398 384 366 361 351 351 350 338 332 326 361 346 378 382 387 388 407 406 399 387 346 338 326 319 309 313 318 320 318 310 305 289 296 305 319 339 330 331 317 305 312 318 313 312 301 294 290 287 275 270 274 259 275 266 265 262 256 247 248 229 226 240 217 215 227 222 204 205 215 187 165 153 157 190 172 171
419 454 467 442 421 422 414 414 398 393 391 368 353 363 397 388 398 387 406 362 358 353 343 341 338 331 324 326 333 341 375 384 390 395 409 388 383 389 357 339 331 334 312 333 329 322 306 289 289 297 309 336 315 329 359 339 346 347 347 322 316 306 292 295 297 319 308 346 280 279 281 271 264 267 259 249 246 239 256 234 238 240 226 220 195 191 189 164 153 170 187 171 179
439 441 424 418 400 416 404 419 405 401 372 365 347 387 392 383 372 377 384 397 378 353 340 338 338 331 322 320 344 366 397 399 396 399 391 381 381 375 402 381 363 348 360 341 325 313 302 289 289 294 300 305 324 348 351 372 353 345 332 323 322 312 310 316 312 319 356 316 288 280 268 271 270 258 272 258 255 266 268 255 250 250 238 232 232 221 218 193 175 189 212 204 197
428 411 408 396 407 392 387 382 398 385 360 344 330 344 376 369 378 361 368 387 374 345 334 321 331 326 318 330 343 363 381 394 395 386 383 380 373 383 401 390 389 393 360 338 325 331 301 297 299 300 310 363 370 372 367 375 355 346 327 324 324 327 337 323 326 338 343 326 336 305 322 284 276 277 274 267 275 272 269 269 255 245 244 239 223 219 215 211 210 198 203 199 187
406 395 395 389 368 376 404 417 399 370 357 339 337 332 354 369 361 357 341 344 341 334 326 321 328 324 314 321 333 357 393 410 398 387 380 375 373 372 381 379 364 359 365 385 378 321 313 302 306 306 326 326 373 376 402 386 361 349 332 330 328 328 326 331 329 342 336 337 325 337 308 295 275 269 264 258 256 266 261 256 246 241 220 214 230 209 204 204 198 199 174 188 199
372 411 399 378 363 416 413 385 374 364 352 348 334 339 362 368 360 350 334 321 333 330 325 321 309 314 323 336 360 403 414 404 408 393 384 374 363 357 349 351 342 351 358 381 391 354 352 332 319 351 387 339 351 357 384 376 356 346 351 337 324 333 329 324 329 343 358 349 351 334 332 323 307 315 275 263 270 269 263 266 246 230 231 244 229 221 215 211 202 196 197 190 202
373 392 375 366 363 347 363 358 350 362 347 333 319 346 386 373 358 349 340 321 323 330 321 305 319 327 337 358 370 385 375 383 396 383 369 346 341 339 337 351 383 364 366 376 391 396 348 334 343 375 371 432 397 396 401 380 367 354 348 336 333 328 323 328 328 357 346 354 351 339 337 328 358 321 313 277 264 261 262 260 251 253 252 230 214 214 214 208 203 214 222 205 214
372 367 359 349 344 347 347 367 357 348 336 316 310 340 340 348 357 347 331 329 316 304 305 320 334 337 347 351 354 371 376 378 373 366 357 342 334 337 339 352 384 377 403 376 367 377 395 365 361 378 423 403 390 396 407 390 379 370 350 334 311 323 317 316 318 337 329 336 341 335 355 332 335 346 298 301 298 285 270 250 234 222 214 214 242 236 245 224 217 231 235 241 225
342 356 374 361 354 348 334 336 346 346 333 319 307 312 335 351 346 338 334 327 325 321 336 339 326 358 364 366 360 353 360 369 364 345 341 334 328 334 347 357 382 395 372 384 373 374 378 384 383 406 411 428 383 386 406 387 366 365 343 333 326 320 318 308 308 327 320 344 332 332 352 330 319 327 357 339 300 281 265 243 232 227 235 228 221 232 277 239 250 252 279 261 246
