PaleoCOOP_model/data/maps/DEM1_3.asc
ncols        540
nrows        300
xllcorner    45.000122070313
yllcorner    35.000122170313
cellsize     0.083333333000
NODATA_value -32768
[rows 230 to 275 of 300, columns 192 to 287 of 540]
133 131 139 138 148 137 144 145 140 146 124 147 137 158 153 164 160 162 172 173 186 175 175 177 164 169 172 169 185 241 255 255 255 255 255 255 255 255 255 255 235 221 228 243 234 221 208 212 217 226 263 285 289 304 338 351 382 397 432 417 390 340 334 319 316 329 305 304 315 312 280 263 256 241 243 241 241 246 244 241 246 251 251 251 255 260 262 264 269 265 265 265 262 266 262 279
135 134 141 145 148 143 144 141 142 143 137 151 138 159 157 167 158 162 168 171 173 179 180 172 172 174 174 177 176 196 218 254 255 255 255 255 255 255 255 194 176 198 208 255 255 255 255 255 241 266 440 439 390 382 363 381 406 431 558 723 656 839 965 654 822 551 517 463 402 379 325 289 276 283 263 241 241 241 241 241 243 252 254 256 259 261 261 261 265 265 265 269 266 267 270 266
141 147 145 148 154 150 149 151 150 151 152 156 154 141 170 170 162 166 171 175 180 172 177 174 175 175 176 180 179 181 183 199 207 222 225 221 224 208 197 202 198 189 151 151 255 203 246 255 255 291 342 359 396 418 522 556 470 463 496 567 653 848 848 887 1091 1206 1472 1346 1214 720 504 403 320 304 281 256 252 241 241 241 247 255 260 263 267 267 266 267 266 266 260 266 268 268 269 274
146 150 153 154 154 148 152 153 154 153 149 155 161 139 141 161 168 165 180 172 177 177 178 174 174 177 179 181 183 182 184 188 199 196 197 195 198 197 198 201 209 211 237 249 255 255 254 255 255 348 367 387 413 437 495 560 601 500 509 564 587 665 705 789 889 1007 1370 1680 1331 1364 890 554 434 370 314 279 269 241 241 241 248 256 261 266 270 268 271 270 270 265 260 264 264 270 271 274
147 149 160 157 152 158 158 165 156 156 163 160 159 157 158 144 145 170 171 175 174 177 177 175 175 178 175 176 184 182 185 185 185 191 191 196 201 203 213 210 223 222 227 248 249 255 255 245 255 404 503 613 673 565 570 607 785 838 1148 1074 954 692 681 718 784 1087 1311 1332 1569 1395 1321 1499 789 674 485 470 440 388 346 262 265 267 270 273 279 282 279 280 277 276 265 263 270 271 277 284
151 152 161 157 162 168 159 158 160 158 158 168 161 163 163 161 150 169 166 172 182 180 177 178 179 178 177 178 180 205 185 188 188 189 195 196 205 207 211 214 219 224 230 241 255 255 255 255 255 324 420 442 487 569 903 871 796 819 1038 1467 1236 1284 780 799 828 872 990 1096 1096 1091 1021 1018 1170 1285 763 693 657 575 373 297 283 276 285 289 288 292 285 284 286 283 275 274 271 264 276 289
161 171 158 171 165 164 167 176 166 174 166 170 169 171 165 170 173 171 170 175 178 176 175 177 177 176 177 174 182 181 188 192 190 192 197 201 203 208 213 216 225 227 237 249 253 255 255 255 255 314 328 343 388 445 532 571 696 712 866 768 707 755 874 1233 1282 1488 912 809 819 800 801 831 864 881 1097 1552 1554 1066 577 354 322 309 314 319 312 310 313 312 305 312 307 310 313 315 318 324
174 179 177 179 175 172 178 174 171 173 174 169 169 175 180 182 192 172 175 175 180 176 176 178 176 182 180 181 184 184 186 193 193 196 199 200 205 206 212 216 224 232 240 252 255 255 255 255 255 304 322 328 333 344 361 359 398 479 492 517 520 582 642 625 668 700 693 687 822 668 795 824 773 724 780 854 891 844 840 857 533 335 347 341 341 350 365 371 376 375 372 375 377 401 419 465
181 182 181 186 178 185 174 180 173 179 177 172 176 179 180 198 202 174 174 172 181 175 177 177 176 178 178 181 180 186 188 191 192 197 202 201 204 204 213 218 223 233 242 249 255 255 255 255 255 329 347 350 363 359 373 385 379 403 450 451 488 513 550 622 593 611 636 629 618 634 988 952 881 730 744 776 787 799 708 710 735 579 368 350 347 369 391 400 410 407 409 417 436 469 486 552
180 186 178 185 191 179 190 177 181 179 184 180 178 178 183 177 189 152 182 178 178 178 177 174 178 175 180 180 183 188 209 189 193 198 200 201 206 207 214 217 226 230 237 246 250 253 255 255 255 439 482 472 552 585 750 674 411 408 401 413 421 442 453 468 484 504 528 534 563 586 622 636 637 688 753 814 740 641 611 578 641 842 499 439 401 403 434 449 528 540 494 594 622 693 728 736
189 178 185 186 195 192 179 183 188 191 183 193 186 181 177 176 176 197 231 197 177 179 177 179 179 178 179 180 185 185 187 193 194 196 202 203 207 211 217 223 228 228 233 242 242 251 241 263 269 635 436 537 515 552 522 598 458 437 445 444 451 442 448 469 477 500 522 529 555 569 606 623 703 932 1306 1023 954 730 670 677 776 1202 848 798 651 602 582 594 668 727 599 722 812 884 887 888
178 177 181 187 178 203 194 186 193 195 195 198 198 192 188 192 172 202 159 187 170 177 177 176 179 181 181 178 179 185 186 189 193 196 197 203 206 210 216 218 220 224 231 233 236 220 220 221 231 274 306 320 362 376 465 528 680 605 627 854 716 542 525 507 535 573 562 545 572 586 606 625 653 683 753 856 883 818 832 865 854 1013 1532 2058 1516 1160 922 854 986 1015 1165 1216 1146 1235 1241 1272
183 185 184 192 198 198 193 191 192 191 195 202 203 199 192 190 192 188 158 175 178 181 177 179 179 180 178 181 182 182 186 193 195 196 204 204 205 206 214 215 221 223 227 223 217 220 221 220 275 267 287 299 332 354 432 498 735 923 876 890 766 533 527 507 533 583 580 579 577 588 624 631 665 676 723 755 769 794 816 901 950 1016 1220 1444 2094 1851 1313 1058 1184 1201 1484 1648 1410 1366 1361 1292
183 194 197 191 181 209 201 201 205 213 207 210 214 208 204 178 181 175 174 169 165 175 180 180 180 181 176 180 183 183 184 186 200 203 200 202 207 207 209 209 212 216 216 217 225 228 235 247 251 293 272 279 295 309 348 375 444 499 692 650 601 558 543 534 545 590 648 622 641 652 670 682 719 702 743 772 778 836 911 1257 1492 2076 1791 1518 1526 1587 1706 1878 2193 1596 2117 2568 2205 1943 2028 1928
193 194 191 200 206 207 203 204 209 208 208 214 213 215 213 175 176 176 169 174 174 173 175 180 181 179 183 183 185 186 187 186 187 197 199 209 209 209 205 209 208 213 215 217 221 227 234 243 258 261 276 268 282 299 331 350 400 423 427 477 506 662 513 498 502 629 654 664 687 697 734 743 726 723 761 807 820 927 1052 1656 2294 2339 2837 2323 2106 2160 2249 2420 2178 2113 2317 2830 2295 2720 2363 2525
190 186 184 195 208 202 211 214 214 213 216 211 218 168 171 176 186 179 179 180 178 176 177 176 173 178 182 183 187 183 184 185 193 194 206 203 196 194 202 204 217 225 223 235 253 287 291 331 359 269 269 276 279 287 309 323 338 342 368 378 391 425 453 502 537 656 793 832 936 960 999 916 835 789 782 819 848 891 911 983 980 1057 1381 1569 1707 2142 2870 2486 3174 2950 3085 3610 3911 3474 3137 3307
179 191 170 175 187 194 173 161 203 202 194 169 169 178 170 188 187 181 177 174 176 177 176 176 170 167 180 184 181 183 186 188 186 194 192 189 199 207 207 210 210 217 233 239 240 246 249 260 266 275 281 283 292 297 295 302 329 337 357 390 419 445 480 514 533 655 988 1457 1339 1436 1966 1237 946 918 947 963 986 1267 1369 1387 1396 1128 1417 1466 1386 1697 1561 2101 2062 1900 1428 1948 2200 2567 2980 1889
140 147 147 156 162 147 147 152 153 171 191 169 172 172 182 185 193 183 180 175 175 173 172 176 174 234 234 181 185 190 186 187 185 189 190 191 196 232 230 226 216 224 227 236 241 250 257 264 266 280 284 289 297 299 304 303 329 339 373 378 403 428 438 495 550 812 891 916 830 1129 1512 1541 1288 1733 1417 1238 1218 1625 1716 1906 1816 1319 2044 1816 1436 2160 1853 2728 3126 2424 2573 2342 2373 1793 1617 2805
141 145 142 145 152 149 156 152 158 158 155 169 169 182 184 178 193 188 181 176 178 173 174 175 176 176 180 181 185 227 183 189 190 186 182 187 186 232 252 243 239 237 227 226 242 255 256 268 273 287 293 299 308 308 311 313 339 355 392 408 407 432 452 506 508 584 659 670 1066 868 1298 1125 1584 1043 1543 1450 1712 1936 1889 1744 1661 2170 2788 3849 2256 2739 2892 3284 2927 2558 2891 3803 4051 4108 3961 3935
150 145 147 142 144 149 156 156 159 158 168 169 176 182 182 179 187 188 181 177 174 173 175 177 177 176 178 184 186 186 187 187 190 181 183 180 180 180 253 253 242 242 254 248 253 259 263 271 275 286 298 302 308 314 323 325 340 352 390 400 411 447 451 481 506 578 613 649 631 662 740 787 831 971 1125 1330 2035 2029 2275 2421 2829 2847 2570 3310 1864 2843 5291 3541 2939 2961 2638 1835 2564 3160 3792 3703
141 141 149 147 147 150 151 155 160 161 162 174 171 178 179 176 176 179 181 176 174 174 179 175 173 173 185 185 181 189 189 189 190 192 189 188 185 196 180 180 299 288 252 282 262 272 271 276 282 292 301 306 319 321 331 334 351 360 375 416 438 433 453 486 490 525 547 552 557 577 642 678 822 1149 1555 1888 2095 1978 2715 2985 3561 4095 2602 3956 3802 3566 3966 3233 2836 2607 2937 3782 3577 3566 3198 3859
145 147 151 145 149 151 157 160 158 163 161 171 169 175 180 176 180 182 171 172 177 186 181 182 191 191 188 188 186 186 190 191 192 242 193 191 193 197 186 180 203 293 279 298 283 295 291 279 282 294 305 310 323 326 334 343 356 364 393 412 445 458 461 491 494 515 502 519 556 579 640 688 813 915 1337 1905 1782 1987 2804 3153 3482 3979 3580 3892 3782 3095 3557 3274 3092 2295 3485 2882 2420 2551 2127 3027
143 149 145 148 153 155 158 162 163 168 167 166 166 175 167 178 178 172 172 174 180 181 183 188 194 184 192 186 189 197 198 194 193 196 193 220 195 197 207 209 241 271 286 273 239 272 276 281 286 295 306 313 322 329 341 347 363 366 497 419 432 452 477 459 461 496 527 548 600 628 755 867 1011 1201 1215 1879 2230 3351 3430 2814 2223 2517 3088 3596 3276 3073 4209 4028 3891 3724 3896 3183 3370 2540 2671 3166
147 148 147 149 154 158 164 161 160 160 162 164 168 172 172 173 171 172 187 179 180 179 182 195 190 185 190 198 193 198 195 196 207 197 200 200 206 231 203 262 193 199 218 251 255 272 268 283 284 294 302 308 321 329 337 345 360 368 390 404 412 419 441 456 464 496 543 568 721 840 1173 1240 1565 1378 2468 3100 2472 3613 3788 2920 2285 2293 2813 1812 3411 3109 3325 3007 2681 2542 3716 2954 2262 2075 1417 1702
141 149 149 154 156 156 158 157 165 163 159 168 166 172 170 175 171 178 178 182 177 191 187 198 188 188 188 194 193 192 189 200 203 198 199 200 201 213 213 203 206 210 238 251 284 261 267 277 289 292 299 302 316 322 335 338 360 371 388 408 424 432 437 445 460 498 575 660 898 1267 1930 2658 2732 2444 1724 2149 2723 3593 3759 2913 2574 1846 1807 2538 2486 2945 1915 2487 1632 2745 2282 1703 2656 1578 1475 1924
142 145 147 151 150 149 157 159 163 167 170 168 167 169 173 171 177 175 184 180 181 181 184 189 187 189 195 194 198 196 196 198 204 205 203 206 207 206 216 208 215 216 239 277 278 267 259 290 280 287 293 298 306 311 322 331 357 363 399 429 440 464 477 490 501 646 885 947 1611 1317 2387 2289 2072 2039 1901 2678 2831 2968 3899 2916 2170 1597 2095 2600 1370 2045 1470 1479 1055 1995 1596 1413 1333 1127 1367 1830
142 150 148 151 150 157 158 167 163 163 165 172 171 173 174 174 175 181 178 178 191 184 188 192 191 187 192 194 194 201 200 200 205 204 207 207 206 207 213 211 218 218 226 280 273 281 280 286 278 284 298 296 307 316 332 338 352 367 389 444 450 477 486 519 567 759 960 1002 1134 1238 1668 1714 1633 1772 2231 3367 2434 3028 2879 2327 2946 1849 1909 2390 1519 1478 1161 1083 1257 1493 1263 1152 1015 924 1232 1300
148 152 157 157 159 164 168 165 172 171 171 172 171 176 183 177 178 184 187 180 181 183 185 189 200 192 194 209 203 205 197 206 203 210 210 207 209 210 210 211 217 227 235 251 273 305 293 270 268 281 286 296 300 320 338 360 361 377 464 445 463 555 626 683 673 711 799 1008 1202 1516 1713 2085 2683 2263 2670 1931 2510 2834 1641 1300 1504 1416 879 963 794 747 705 717 758 895 792 770 739 747 752 807
158 154 158 160 162 165 169 169 173 172 179 176 177 176 179 181 188 181 183 182 184 190 189 192 192 195 193 193 195 197 205 208 205 207 210 206 211 209 211 212 215 220 245 230 223 292 271 273 290 321 284 286 306 317 358 411 500 419 471 492 500 648 592 777 874 714 947 1234 1591 1965 2018 1671 2049 1950 1633 2264 3433 2442 2252 2488 2219 844 701 645 626 630 633 733 969 1087 1272 684 695 724 1004 1054
162 160 164 166 170 171 174 174 176 179 180 180 184 185 182 184 184 184 189 186 188 189 188 191 189 193 196 196 199 204 203 205 206 214 212 211 213 214 218 215 215 217 238 230 230 238 247 268 266 274 305 372 334 361 389 389 451 496 489 546 568 692 725 879 919 867 914 984 1104 1181 1270 1320 1505 1656 2376 2114 1873 1532 2030 1979 1344 999 577 547 540 580 913 872 1038 1312 1077 953 980 1399 1347 1162
166 162 166 170 169 175 174 173 178 180 181 183 186 185 185 189 185 187 189 188 186 185 188 193 197 194 194 194 200 204 207 205 208 208 209 216 214 214 221 217 218 219 220 234 231 234 242 261 268 280 350 300 317 331 373 371 449 423 546 576 607 807 832 825 876 908 945 1053 1215 1382 1438 1731 1339 1959 2380 1889 1593 1655 2170 1329 1255 711 551 526 551 640 915 942 1145 1205 1545 1500 1234 1289 1165 695
167 171 173 174 177 175 181 181 183 184 184 193 191 192 193 191 186 191 186 191 194 189 188 189 194 192 197 199 204 200 204 196 205 214 212 213 217 219 218 221 222 224 224 222 225 227 235 245 255 274 256 257 305 306 328 342 394 398 464 597 643 699 829 952 873 1058 1334 1667 1856 1978 1414 1197 1020 1180 1218 1152 1156 1184 1011 707 704 540 511 493 609 794 869 984 1079 604 1204 934 891 964 753 555
169 173 177 176 178 183 184 187 189 188 193 198 196 200 201 211 210 206 197 199 198 186 190 191 194 198 202 202 198 204 205 208 210 216 211 219 217 219 221 220 224 226 227 230 229 228 230 232 226 238 254 275 349 289 306 319 339 374 421 486 614 651 832 851 985 1030 1443 1242 1825 1755 1955 2050 920 1001 835 798 862 816 764 569 526 481 452 519 778 950 1029 1277 629 739 1841 641 546 614 518 578
171 174 178 182 184 185 189 190 192 196 197 202 207 205 204 201 202 202 203 200 214 202 192 217 198 199 195 203 200 194 204 212 212 211 220 216 221 224 225 221 224 228 229 233 232 231 233 235 232 231 244 263 272 278 294 303 333 357 512 604 599 878 939 897 1059 943 1201 1385 1551 1549 1248 1468 810 911 1178 752 702 744 606 492 497 463 438 560 836 1141 1902 799 641 945 1506 755 511 519 426 753
167 175 178 187 188 189 193 195 198 200 203 211 210 218 213 210 215 213 207 212 215 214 214 211 214 213 206 202 202 213 205 215 213 219 215 217 223 212 216 215 220 230 225 235 231 240 236 239 242 239 236 245 258 264 276 285 324 354 442 412 491 494 572 683 954 890 1296 1855 2571 2065 1089 930 811 703 783 781 607 467 473 466 431 453 580 611 1023 1172 849 606 903 1824 1299 537 409 418 431 822
173 177 180 182 189 193 197 197 201 200 205 208 213 219 215 212 212 216 212 209 222 222 213 217 223 220 214 204 204 209 204 205 216 222 219 222 224 222 226 216 238 235 230 231 233 237 236 237 240 241 239 250 252 255 275 274 497 338 398 399 412 705 933 777 1084 698 1957 2475 1570 1659 908 815 692 669 590 644 480 472 446 452 408 487 569 715 1030 1177 748 577 980 1785 1132 405 398 430 440 497
178 181 180 191 192 194 200 202 210 210 212 219 217 225 229 220 223 226 221 229 245 246 242 235 225 225 233 228 230 214 213 213 207 225 226 227 232 229 229 231 235 232 234 236 233 238 237 236 242 244 242 243 258 251 250 261 445 366 438 305 461 440 433 660 534 1111 2657 1981 1152 1005 779 715 693 538 436 415 422 457 439 406 482 463 649 730 1180 1070 475 949 1076 1288 1216 388 399 411 424 607
178 180 182 189 194 196 203 206 209 213 216 217 223 230 229 226 224 231 239 251 261 271 265 264 249 233 235 244 241 234 237 227 220 224 234 229 233 234 236 238 241 239 235 235 237 240 238 239 241 243 246 245 241 247 248 277 322 348 275 277 301 338 387 463 450 1342 2474 1314 944 827 712 537 528 396 394 397 402 443 377 465 461 525 565 845 1045 604 624 790 1038 622 904 385 417 401 426 497
185 184 187 188 195 198 202 206 212 214 222 222 228 233 238 239 235 238 260 256 269 294 287 297 310 294 270 251 255 248 245 229 230 238 234 231 244 244 245 243 241 243 245 251 242 238 241 237 240 241 249 255 253 253 249 254 255 255 262 266 268 277 306 348 329 491 1290 771 657 611 405 372 360 352 359 428 444 362 369 499 526 446 581 659 782 520 727 826 703 416 640 372 432 396 431 472
191 193 191 191 196 198 204 204 214 214 219 227 229 237 239 249 246 245 276 291 303 308 338 306 329 322 323 299 310 265 269 259 254 249 241 244 244 248 248 253 254 252 252 251 250 249 250 242 245 240 247 248 248 247 254 256 256 261 254 261 259 268 273 285 287 502 668 476 436 360 324 325 321 323 331 449 355 343 407 540 464 432 498 681 422 655 463 481 667 500 346 390 431 452 442 486
194 193 194 195 196 199 202 205 213 219 224 225 230 238 242 247 253 250 273 288 320 319 317 351 339 349 331 321 314 290 272 282 278 261 258 250 249 240 250 253 260 256 260 255 254 251 250 244 246 244 242 245 245 255 250 250 258 258 265 259 261 262 268 277 279 391 343 327 339 320 303 306 303 316 321 351 356 333 423 508 426 426 591 1069 391 612 424 594 538 758 340 388 434 459 506 519
202 201 199 198 201 197 217 219 231 229 238 241 246 242 247 253 249 285 287 298 330 341 352 347 364 373 364 354 328 302 342 311 301 295 286 286 269 255 257 259 267 265 267 268 268 262 258 256 253 249 251 251 254 256 258 251 268 254 258 261 264 265 267 265 274 269 265 272 273 278 280 283 283 284 309 321 329 332 313 397 361 509 506 959 395 478 399 1092 434 464 331 382 385 418 437 457
206 206 203 203 204 211 219 228 233 239 246 246 254 249 250 254 255 271 273 307 334 344 355 371 389 386 391 381 381 360 372 341 327 326 304 305 289 261 268 265 268 269 276 279 272 269 264 257 255 256 253 256 257 259 265 263 264 268 263 267 268 269 268 275 271 274 283 281 280 283 289 287 289 315 305 309 314 353 294 301 303 381 545 710 393 426 369 785 332 324 339 398 331 330 332 334
214 215 211 208 208 223 236 237 255 266 258 270 262 274 269 277 266 267 285 304 329 360 380 387 417 385 430 407 419 418 409 398 360 386 351 343 323 308 301 289 275 278 281 285 287 279 277 271 267 261 260 263 263 263 265 267 270 269 269 272 273 271 277 277 277 283 281 286 290 294 290 289 292 293 297 293 295 312 306 326 319 303 440 558 358 355 352 827 414 326 322 335 338 343 344 359
216 218 216 213 211 223 244 237 256 269 277 269 279 270 275 283 284 270 302 310 338 356 385 404 426 415 431 425 433 440 443 402 387 378 360 349 344 322 325 299 311 272 285 288 286 282 282 274 271 268 268 264 264 268 270 271 271 272 270 273 273 278 276 283 280 280 284 288 291 293 285 291 292 293 299 303 305 312 313 309 310 307 385 525 342 346 355 604 575 323 327 368 373 387 353 409
223 227 223 223 220 231 246 259 275 268 281 293 296 309 306 304 309 300 308 332 338 371 407 430 459 453 475 457 478 456 471 467 465 452 441 413 396 393 357 357 339 332 351 296 300 297 301 293 287 287 280 276 270 276 275 276 275 278 282 278 278 278 279 283 283 289 295 295 302 306 303 307 305 306 303 303 305 302 304 309 315 322 361 317 337 328 316 332 399 325 337 382 409 417 446 687
