PaleoCOOP_model/data/maps/DEM1_3.asc
ncols        540
nrows        300
xllcorner    45.000122070313
yllcorner    35.000122170313
cellsize     0.083333333000
NODATA_value -32768
[rows 0 to 45 of 300, columns 0 to 95 of 540]
160 166 182 170 174 171 162 121 112 126 105 132 154 154 181 123 182 169 168 183 159 162 170 163 171 152 161 182 155 177 184 162 165 183 174 179 198 194 189 177 174 173 186 182 173 163 135 161 177 160 157 156 168 185 194 185 189 187 167 218 222 216 208 212 221 206 204 189 168 192 223 232 209 192 171 172 167 171 180 188 202 273 236 194 211 198 168 165 165 182 192 178 199 197 188 160
163 137 154 175 176 154 166 174 177 175 165 179 204 228 202 160 197 189 199 126 172 176 188 212 176 191 173 177 184 134 183 188 172 163 177 198 181 172 167 153 146 183 180 184 173 170 168 180 161 183 170 178 220 199 179 217 239 231 238 221 221 225 211 212 221 211 233 215 219 227 223 226 177 225 210 151 160 172 182 206 244 230 194 213 200 189 187 176 199 198 199 199 198 212 161 153
194 178 156 126 128 117 183 190 185 167 136 201 248 246 236 201 185 209 198 172 176 173 207 213 231 202 175 182 178 147 163 181 183 175 166 185 212 210 187 192 190 189 216 212 181 187 187 190 189 198 182 178 201 217 205 201 215 198 226 210 207 236 216 215 194 187 214 199 184 184 201 168 150 150 157 179 178 163 193 188 192 204 181 190 197 175 188 174 187 188 200 219 211 153 153 150
173 199 186 159 161 168 156 164 179 200 194 182 225 223 218 196 214 211 176 199 223 219 207 224 211 219 222 209 202 169 170 130 170 183 173 131 166 150 153 171 193 200 199 197 229 205 192 219 203 216 216 215 209 183 183 183 166 185 204 201 194 193 209 195 172 182 170 174 142 144 164 164 199 175 162 207 200 188 222 193 190 203 183 195 177 169 166 198 167 205 210 159 155 151 166 180
186 197 171 150 203 205 139 172 141 179 213 204 198 204 193 223 219 174 160 177 200 217 223 225 231 235 243 231 196 171 171 162 174 204 186 187 187 188 188 185 154 191 227 235 232 241 253 230 225 180 199 213 150 167 198 201 177 201 196 202 181 203 206 196 174 165 152 148 169 154 174 203 222 217 200 210 206 218 216 196 213 183 183 231 184 190 207 194 190 209 202 161 156 166 179 173
207 181 157 204 181 150 208 214 220 255 212 228 193 210 196 220 205 203 220 203 173 194 158 181 204 199 217 184 180 196 165 175 189 181 140 182 219 206 212 222 203 225 230 226 181 204 219 239 249 219 220 202 195 177 191 177 205 221 216 197 166 194 169 168 172 195 163 169 170 203 242 212 235 224 185 188 226 196 215 209 213 200 202 201 211 211 186 199 169 184 155 156 175 165 163 184
203 202 183 215 179 135 170 179 198 197 209 202 161 197 206 223 211 190 209 176 173 152 177 180 174 210 191 186 190 172 142 187 184 172 147 181 214 185 209 216 166 216 215 211 215 189 188 208 226 175 223 223 198 179 173 149 201 205 216 205 201 190 187 183 196 187 184 187 144 192 215 195 197 188 170 178 180 205 180 200 164 209 206 185 184 177 199 198 185 166 164 161 163 161 169 209
176 196 173 195 191 174 159 148 150 158 188 164 201 191 194 188 190 185 183 186 140 177 173 177 206 211 202 214 185 210 217 214 198 193 201 136 185 170 217 213 157 138 181 201 202 217 213 185 197 158 213 162 198 216 215 201 188 140 198 221 184 196 180 226 215 185 198 193 203 136 169 197 224 174 177 179 156 159 140 153 159 168 157 162 159 156 158 166 171 169 195 199 194 173 218 178
196 204 207 212 197 179 212 227 229 214 209 189 223 208 221 174 188 150 175 172 137 174 183 184 198 184 174 213 201 214 211 216 204 193 185 124 173 163 170 194 126 147 225 213 215 181 148 185 168 167 174 201 201 190 194 186 163 150 178 187 217 167 228 195 227 202 172 174 177 142 139 170 143 139 142 186 153 184 178 203 208 203 188 213 207 189 158 206 208 202 229 228 236 235 231 176
177 186 199 215 230 200 196 203 215 192 216 209 180 211 215 196 204 187 176 183 130 181 143 182 154 187 187 186 183 198 228 189 198 162 173 156 140 122 155 140 194 193 197 233 232 174 156 142 149 147 161 170 187 185 204 205 179 161 172 142 161 173 171 182 171 182 193 181 161 142 160 181 150 157 148 157 152 159 180 211 193 220 186 224 193 187 158 160 221 213 240 240 202 212 250 218
177 158 179 196 196 201 173 136 229 211 181 198 185 171 161 139 137 157 173 198 154 144 182 172 177 151 170 185 202 203 217 159 212 153 141 189 173 166 119 131 178 194 209 218 179 172 159 158 193 165 151 163 135 141 149 150 188 201 177 179 170 190 161 164 167 144 149 150 148 125 153 152 145 172 163 195 182 156 155 154 179 187 181 214 214 207 179 172 187 222 226 229 233 264 261 260
192 162 177 174 220 203 179 147 151 188 193 207 193 195 191 194 198 200 198 200 199 165 128 159 186 157 162 150 203 204 183 217 184 164 151 212 176 152 136 117 183 136 200 201 157 166 158 168 152 123 144 127 174 169 175 183 206 193 200 148 142 133 153 131 121 136 133 128 169 138 170 155 212 172 174 188 187 186 189 165 166 185 206 211 192 208 185 185 172 221 260 252 236 250 247 272
157 176 207 209 197 183 173 199 134 146 165 182 132 140 149 144 161 159 148 144 162 152 133 144 158 165 181 159 152 171 165 190 201 190 167 192 185 198 172 168 111 140 144 158 155 144 182 143 129 150 162 178 178 185 203 189 194 179 146 196 149 153 134 143 163 160 172 195 150 155 169 171 183 166 172 192 201 191 201 172 199 214 213 226 218 224 211 197 203 244 233 256 236 294 294 275
172 155 148 161 202 196 164 157 151 116 137 126 124 120 132 136 149 154 130 153 146 133 139 148 149 146 161 139 171 150 162 215 187 202 161 180 194 180 200 152 122 108 177 179 173 154 166 142 121 133 167 168 165 167 176 163 136 167 173 210 173 182 147 132 122 128 147 137 145 176 147 138 172 158 148 195 183 233 206 192 183 233 239 223 222 201 208 210 168 239 275 254 261 276 276 222
161 178 187 151 163 166 139 124 138 129 143 158 170 156 166 142 137 134 127 119 124 141 157 144 135 138 175 177 187 194 202 188 173 154 135 153 167 165 199 215 154 137 150 206 195 183 188 141 194 147 115 151 176 158 130 139 140 130 149 163 168 167 157 121 151 134 147 153 163 147 197 174 169 180 209 165 188 159 186 217 238 209 241 262 265 252 232 230 181 204 253 299 279 304 247 233
124 162 171 177 149 137 109 106 150 177 127 143 165 174 139 156 135 145 152 142 135 128 136 136 143 144 147 154 191 177 176 172 167 160 158 143 217 157 126 139 102 125 152 160 186 163 191 131 152 169 143 99 113 108 105 116 135 139 177 177 165 165 140 126 154 153 188 168 162 147 168 181 183 189 202 182 230 174 165 198 230 262 255 238 203 225 221 205 205 187 242 263 282 251 278 239
140 151 127 147 163 139 110 131 128 137 131 161 147 169 145 155 157 152 148 145 167 170 178 178 159 168 155 146 137 146 158 140 155 168 165 154 140 133 136 136 112 99 135 129 139 163 167 112 96 101 105 104 122 113 129 131 100 111 143 141 131 129 120 138 153 216 213 215 198 189 187 170 175 183 192 192 200 197 196 211 211 261 255 249 210 201 245 272 220 192 226 281 263 310 271 294
167 130 138 171 133 106 120 112 127 132 135 148 142 143 167 146 159 153 161 159 150 165 152 163 149 146 160 155 160 158 164 143 143 157 160 139 130 132 143 116 141 133 98 96 111 118 101 106 101 122 120 118 145 140 156 145 126 110 108 111 147 146 113 129 119 130 136 124 124 114 122 146 150 164 136 164 188 175 156 215 230 218 208 225 228 223 250 237 258 225 228 257 244 290 268 277
121 117 125 133 134 110 122 121 147 153 160 154 143 169 155 148 139 148 159 143 150 164 153 160 145 140 157 163 170 167 164 143 154 154 164 173 131 130 136 142 111 101 128 111 102 99 94 109 101 140 124 112 154 166 157 153 137 118 153 156 130 124 156 171 165 130 113 130 183 163 134 123 117 120 120 129 130 122 123 159 196 194 191 224 245 242 270 241 258 251 258 245 238 283 276 255
124 131 139 136 110 104 125 129 153 127 119 118 132 124 142 136 113 136 133 145 136 162 168 159 164 171 170 176 163 163 142 144 135 140 173 178 151 158 169 130 133 140 90 99 115 120 130 129 152 147 139 144 140 147 144 151 136 136 158 140 150 180 135 173 166 162 134 185 202 179 182 200 137 212 144 164 198 178 209 152 134 135 150 132 162 198 146 185 271 235 299 249 233 250 209 244
148 152 136 128 109 115 144 134 136 134 134 110 122 134 129 114 123 148 154 139 137 129 149 147 142 153 145 142 130 137 124 119 121 134 139 128 127 134 165 138 102 92 98 97 122 116 141 151 153 133 139 158 161 163 148 140 160 156 143 172 159 161 144 192 230 144 129 184 179 168 157 135 187 159 139 150 187 163 139 130 159 148 138 139 138 134 162 149 231 202 212 213 207 246 196 204
147 157 139 122 113 108 107 102 145 139 104 102 115 111 114 130 126 142 126 133 127 128 135 137 145 155 129 125 123 119 115 115 123 116 125 134 142 133 143 130 100 96 114 110 130 134 147 164 147 163 153 162 164 158 145 174 156 170 172 168 167 170 144 222 206 199 175 191 206 186 161 170 171 127 159 169 179 178 157 177 184 179 207 160 183 206 146 156 148 144 136 139 150 159 151 168
157 151 152 120 122 129 146 148 156 161 152 123 102 117 126 134 148 120 137 117 129 122 136 145 140 142 129 119 120 112 114 129 106 119 126 118 127 135 139 126 123 95 94 111 126 131 129 153 156 202 191 173 188 154 156 158 177 178 146 183 169 192 183 171 166 209 172 192 193 223 177 197 135 186 200 163 196 181 192 191 181 213 176 208 166 153 182 186 167 165 147 152 149 138 163 194
158 147 151 133 139 135 141 145 136 116 129 114 121 132 137 116 103 116 107 119 134 136 133 146 118 128 114 109 118 115 113 114 116 106 112 115 117 123 116 118 101 94 94 110 121 117 121 153 182 208 213 217 164 153 218 188 208 209 186 182 195 195 193 178 188 150 126 168 206 197 169 170 177 143 196 184 174 191 182 180 176 220 207 207 211 210 158 176 216 205 191 224 219 148 202 157
146 159 147 118 112 102 116 121 118 141 126 98 101 112 113 132 125 136 145 144 135 140 124 126 124 124 130 127 111 106 108 128 121 100 96 114 114 120 119 125 121 90 90 97 116 150 155 145 153 191 188 216 244 250 239 242 214 207 199 193 116 183 145 114 189 149 145 161 180 191 201 205 186 153 160 207 200 204 195 201 200 205 248 231 214 197 184 154 169 162 202 199 201 157 222 199
139 171 143 153 99 109 110 139 152 115 104 103 94 108 119 129 141 143 133 145 157 139 140 131 127 129 135 127 139 115 120 106 103 95 90 123 105 109 112 130 142 146 131 81 101 136 138 136 139 166 154 220 257 268 249 205 196 191 201 192 145 212 145 164 120 130 138 198 181 185 197 216 210 190 196 192 239 224 220 211 221 194 253 170 216 225 189 192 205 182 198 191 165 182 183 223
152 141 119 137 128 87 93 94 96 98 111 110 120 138 114 113 133 143 129 142 140 147 140 142 134 123 153 128 137 139 128 125 132 100 94 98 116 127 120 128 147 135 112 127 81 93 128 165 139 154 169 184 251 246 204 169 179 199 234 194 203 109 100 89 128 152 162 127 155 138 171 218 205 218 199 217 220 132 172 194 226 247 208 205 188 203 224 237 211 211 206 212 221 219 187 173
101 115 129 90 84 93 95 98 97 105 126 132 172 142 142 126 130 136 138 128 134 150 152 175 148 151 144 124 123 124 103 111 120 100 100 91 106 116 116 100 117 120 119 135 109 97 99 150 143 179 125 238 202 229 177 197 180 171 212 191 183 164 128 92 106 124 137 129 154 164 156 180 181 175 170 168 128 178 166 208 199 201 206 161 170 153 174 180 223 226 225 234 230 210 205 199
107 87 90 109 150 160 159 145 134 151 123 135 163 158 153 155 146 167 169 161 158 137 166 168 156 155 141 138 130 118 120 122 125 117 115 112 120 99 86 83 79 81 83 92 94 130 133 105 126 142 78 178 237 173 184 170 99 187 230 171 172 83 140 153 138 134 167 133 115 123 142 159 127 136 176 128 146 157 147 176 175 168 137 170 158 160 151 164 158 175 217 211 207 194 224 232
84 92 101 155 110 125 148 158 162 130 99 140 125 147 138 133 138 143 132 123 129 127 131 129 154 142 127 139 124 146 129 144 132 120 132 105 106 91 127 120 97 94 107 114 125 122 147 124 135 209 200 120 183 138 158 88 160 189 87 130 79 132 213 154 167 134 162 136 115 120 155 150 139 153 181 144 125 157 169 161 150 152 132 166 161 144 154 161 143 169 164 177 174 220 223 235
122 88 101 147 109 124 136 108 118 88 104 99 95 117 119 128 123 115 115 140 145 145 146 144 152 167 133 129 110 125 125 122 123 130 133 119 98 117 144 136 112 114 110 135 137 127 143 140 200 208 164 192 149 132 74 98 104 83 74 109 183 165 131 124 144 141 118 139 146 136 112 109 147 128 159 140 135 122 142 156 122 145 141 166 148 186 184 181 133 141 156 193 228 226 246 247
130 76 101 123 125 106 121 93 99 114 123 119 116 129 148 148 136 124 149 144 167 139 132 135 144 123 113 115 112 122 134 142 131 117 107 105 139 133 147 162 111 158 107 137 139 137 167 165 159 161 169 170 151 131 125 72 144 125 74 69 72 138 117 136 144 142 107 145 140 138 113 116 130 129 145 154 130 135 140 137 115 169 178 137 117 157 185 156 127 130 148 195 246 264 265 275
108 95 101 111 120 93 98 97 127 138 146 153 154 125 121 106 101 132 134 111 147 151 132 153 125 143 108 113 129 129 129 125 131 119 121 133 155 159 134 129 137 162 145 125 156 182 184 167 159 150 134 129 165 139 149 137 114 132 157 109 176 124 139 109 104 114 91 135 149 137 138 106 124 147 131 111 138 164 136 166 166 103 119 137 185 171 170 196 125 173 194 245 224 231 220 222
148 126 81 101 109 88 115 138 143 107 142 128 125 141 142 142 147 127 129 141 146 159 146 133 114 112 100 96 125 137 132 160 155 145 119 127 153 182 187 169 178 168 165 164 170 173 136 105 126 159 136 121 119 125 158 162 162 143 85 167 180 69 79 108 89 110 133 116 121 128 142 127 129 100 150 109 117 125 111 97 118 145 183 149 194 197 177 169 134 186 160 193 171 251 170 186
151 150 84 106 103 84 116 126 118 91 128 130 131 140 126 132 144 148 147 139 153 138 118 106 138 126 86 136 146 100 110 122 135 150 145 120 140 154 177 169 139 146 157 160 160 146 118 151 142 139 121 160 163 155 170 158 137 132 137 146 70 158 112 79 84 99 114 115 125 132 152 138 137 97 157 111 107 94 107 156 125 209 214 178 210 215 175 142 168 179 230 206 225 184 207 130
138 117 120 77 105 78 110 88 115 126 134 112 92 129 135 138 126 135 107 114 123 132 121 99 137 119 82 105 96 98 115 140 143 124 151 131 145 140 130 131 162 160 169 168 178 144 159 187 144 167 159 120 136 162 144 144 140 132 146 138 130 116 102 88 67 108 131 107 79 117 106 110 108 111 89 95 113 151 148 154 134 167 137 171 159 172 117 153 196 184 156 164 185 167 184 138
141 133 109 97 100 95 89 84 108 115 121 113 93 115 134 124 136 97 97 117 144 122 107 96 138 120 98 78 115 128 140 131 144 144 118 121 139 131 139 108 141 146 139 140 127 151 142 209 175 170 174 139 185 185 179 155 163 139 146 121 119 111 134 118 82 62 64 71 89 77 75 98 85 76 120 110 84 133 123 153 140 126 160 149 136 147 146 177 163 150 125 178 190 165 131 147
145 131 138 132 125 87 87 107 108 90 110 80 111 107 94 115 117 104 111 135 130 121 117 132 107 105 90 77 100 127 121 142 131 152 128 100 143 135 99 106 135 162 156 162 206 193 192 213 230 197 138 130 165 175 175 152 128 159 119 94 132 171 148 153 137 110 66 126 138 125 152 166 174 145 136 158 157 114 111 85 85 119 135 151 103 154 143 180 172 142 168 181 209 202 166 119
121 113 114 120 99 110 68 81 96 90 102 85 86 92 103 119 128 113 94 112 125 112 128 125 129 127 95 90 103 131 133 114 101 111 135 112 121 88 115 132 168 173 151 180 212 192 195 204 239 200 173 177 168 141 127 145 127 132 136 128 135 174 150 146 138 94 76 79 122 127 173 165 175 209 166 156 138 136 134 138 136 102 93 144 131 172 205 162 162 145 133 177 173 136 176 198
124 125 116 118 108 114 110 114 121 115 81 68 94 106 95 108 108 119 110 95 100 106 97 95 108 112 123 89 95 116 128 145 140 101 85 84 103 124 111 134 142 122 120 135 161 151 169 195 245 193 156 129 152 169 167 164 164 168 126 125 176 154 146 151 153 147 140 65 109 100 103 115 167 132 163 163 179 141 171 151 138 102 170 109 112 103 105 101 150 183 208 200 159 108 151 148
105 120 122 113 106 106 100 102 82 88 83 100 62 91 79 82 100 95 100 94 98 108 121 115 108 87 115 110 90 125 127 134 139 109 102 82 123 145 133 125 119 113 145 171 144 154 187 203 191 143 105 156 146 142 147 171 166 177 152 172 170 165 166 165 92 177 159 167 95 65 123 113 159 168 157 142 135 152 158 169 167 155 227 184 192 165 145 110 217 200 173 193 173 128 181 131
103 109 116 118 110 118 111 113 108 99 88 86 64 68 73 86 86 87 87 81 92 98 101 114 119 115 84 81 77 88 107 115 114 114 100 92 104 130 150 117 131 171 158 142 143 190 180 169 201 109 178 116 139 153 144 167 173 166 181 179 167 181 192 95 150 128 127 112 60 64 65 81 132 101 142 97 147 177 169 195 175 152 188 220 179 152 154 120 193 146 209 154 190 145 160 131
93 100 105 116 120 109 109 114 105 104 105 102 101 82 73 60 67 82 78 65 85 64 82 102 102 109 94 90 82 78 77 95 98 118 115 84 98 111 90 107 148 143 124 143 188 155 185 169 117 164 106 141 136 136 174 161 185 175 170 140 155 167 158 162 92 157 161 167 174 141 111 59 119 131 65 169 149 161 169 111 131 139 199 211 170 152 180 167 119 196 184 146 192 136 168 80
90 103 107 107 113 120 107 105 98 94 96 95 92 83 69 60 60 66 62 60 60 60 109 108 104 102 94 91 86 78 81 90 96 112 110 80 79 94 116 128 97 112 154 190 114 162 170 152 112 92 170 172 126 161 155 113 161 182 157 156 93 160 120 159 94 164 167 147 145 143 101 55 74 57 111 112 119 160 175 116 136 196 195 160 188 210 166 136 176 201 245 148 181 103 138 75
96 100 91 99 104 107 108 108 90 95 86 76 66 63 60 60 105 82 134 131 60 60 66 94 80 89 109 107 91 141 70 83 92 96 87 79 101 109 123 114 81 113 160 111 128 144 121 108 93 196 177 144 94 98 145 170 165 180 168 168 167 181 185 184 170 167 163 151 159 183 122 101 190 62 142 94 106 74 92 150 195 171 184 188 203 212 168 137 191 159 168 126 96 168 122 67
79 90 85 83 100 97 93 82 89 102 68 60 60 60 164 85 120 69 169 156 139 60 64 60 104 113 110 96 114 105 147 72 59 84 108 69 95 119 141 125 76 79 100 89 93 93 97 91 110 166 176 119 166 166 156 175 180 180 140 167 137 180 182 182 198 187 170 170 182 179 208 196 64 159 105 56 101 126 118 192 185 152 147 135 180 198 190 226 180 148 142 226 173 161 103 74
