PaleoCOOP_model/data/maps/DEM1_3.asc
ncols        540
nrows        300
xllcorner    45.000122070313
yllcorner    35.000122170313
cellsize     0.083333333000
NODATA_value -32768
[rows 230 to 275 of 300, columns 96 to 191 of 540]
0 0 0 0 0 0 0 0 0 0 0 0 0 0 0 0 0 0 0 0 55 38 57 72 178 237 201 176 146 156 235 229 148 207 187 118 84 91 73 93 76 57 26 69 11 0 52 153 134 90 88 59 82 59 60 70 87 110 100 106 93 116 89 104 84 108 123 103 109 107 122 118 125 138 132 131 123 128 133 118 126 123 125 130 125 125 128 125 121 130 124 130 130 129 127 128
0 0 0 0 0 0 0 0 0 0 0 0 0 0 0 0 0 0 0 0 80 66 107 104 128 228 238 214 174 147 195 237 188 252 215 175 70 84 99 108 91 73 59 21 33 0 0 172 151 95 89 49 59 60 67 70 103 78 117 87 113 119 117 122 92 103 102 142 114 128 126 128 132 133 140 128 125 127 124 127 125 126 134 131 133 130 134 127 130 134 132 132 122 127 138 133
0 0 9 15 1 0 0 0 0 35 189 251 230 39 64 101 123 171 180 251 250 237 253 217 251 166 254 236 255 221 205 249 252 223 172 216 176 170 117 130 126 121 76 71 61 14 3 0 182 109 92 47 54 57 70 74 108 94 106 97 89 95 110 99 105 95 135 110 120 135 132 127 146 130 121 128 132 135 136 141 133 136 138 143 136 138 136 140 131 137 134 132 134 135 141 143
0 14 7 28 0 0 104 72 81 113 170 204 192 248 65 88 129 170 198 211 250 262 283 282 255 178 255 237 237 244 204 237 255 198 172 239 197 179 147 126 138 139 107 81 69 49 16 0 0 120 90 59 60 61 73 66 106 118 115 104 119 127 123 98 101 128 98 133 126 138 130 132 127 137 132 138 134 138 137 134 134 140 138 138 134 136 131 140 141 136 136 146 138 138 134 144
22 36 11 48 97 70 120 138 149 154 99 136 112 114 87 0 91 145 187 107 122 116 153 221 255 255 255 255 255 241 195 255 255 255 199 149 241 223 200 171 148 120 104 105 94 75 61 89 0 160 91 63 60 64 70 88 116 111 115 117 125 113 95 129 136 115 130 129 137 138 130 146 141 122 142 148 136 134 143 140 152 145 148 144 137 141 144 142 149 141 144 143 146 144 145 144
25 0 37 103 97 111 142 165 153 157 121 124 122 110 22 204 190 89 142 147 72 94 71 70 63 32 255 255 255 255 191 255 255 255 255 175 255 247 208 202 185 148 123 106 114 80 69 54 66 179 122 53 59 64 74 93 114 101 109 119 121 97 125 120 110 133 135 128 118 141 125 140 150 146 132 155 142 148 155 142 150 144 142 149 145 145 139 148 148 144 145 148 147 156 150 159
16 87 221 214 187 182 195 178 150 145 149 178 163 147 183 206 182 174 161 137 102 127 77 82 0 0 127 87 132 255 238 255 255 255 242 202 155 215 241 218 193 175 147 114 101 83 87 65 37 144 158 75 53 65 63 75 107 108 106 113 120 106 93 96 128 93 118 134 122 146 99 101 119 145 146 126 140 146 141 147 148 145 152 148 146 157 148 150 149 151 162 151 168 160 158 162
57 110 136 260 185 172 151 161 170 170 197 221 219 193 235 194 181 180 184 184 175 155 131 119 94 64 2 49 72 54 39 154 255 255 241 217 122 111 246 245 238 203 169 116 84 71 63 61 55 31 82 92 46 65 66 65 90 100 105 108 68 86 85 88 84 83 70 138 82 101 108 141 141 141 133 155 154 155 153 151 162 151 159 153 150 153 171 158 165 160 158 169 163 166 154 159
46 69 95 198 147 149 153 157 194 196 191 229 265 242 251 207 193 167 174 188 185 179 172 159 102 87 53 16 9 20 55 37 83 214 178 148 119 136 255 245 207 199 181 115 74 75 67 55 54 44 29 84 50 60 61 70 99 62 79 55 70 82 75 93 73 93 93 67 79 97 88 104 108 105 133 134 154 157 151 151 149 154 154 164 152 154 166 151 165 167 168 170 172 176 163 167
0 9 0 63 0 0 0 0 0 63 219 269 283 350 332 310 277 202 176 157 152 188 170 177 158 168 118 83 46 62 39 6 8 104 155 85 82 255 255 255 252 229 79 43 42 67 54 43 55 58 55 72 64 60 60 74 70 67 66 69 71 73 75 76 74 77 85 80 89 90 107 92 72 72 144 145 135 155 156 158 159 154 159 157 160 166 159 161 171 165 170 173 177 178 175 188
0 0 0 0 0 0 0 0 0 0 0 93 269 433 483 440 374 257 228 192 155 139 155 165 149 136 132 108 82 66 53 43 31 0 68 77 35 32 198 246 84 176 83 36 36 51 38 61 51 54 59 59 59 62 61 60 64 64 67 67 80 76 75 76 79 85 79 81 85 105 78 96 98 101 81 141 149 151 155 161 154 158 158 158 173 159 162 168 175 171 175 178 171 182 190 187
0 0 0 0 0 0 0 0 0 0 0 0 0 0 0 82 359 658 347 307 214 169 105 97 108 73 107 77 71 45 36 0 31 39 42 37 42 52 43 38 43 44 49 47 50 49 57 46 47 58 57 60 49 65 63 59 73 66 75 72 72 72 73 83 77 80 78 88 87 92 83 93 98 95 90 129 149 152 149 162 163 161 162 172 165 173 178 189 178 179 176 188 178 179 186 179
0 0 0 0 0 0 0 0 0 0 20 0 0 0 0 256 200 496 496 337 261 187 104 80 64 59 72 60 53 23 26 0 33 56 48 53 45 42 45 48 51 49 48 55 53 56 54 53 59 60 51 68 51 69 50 67 63 66 69 70 70 79 75 76 81 79 83 86 85 91 89 93 93 96 106 100 73 145 116 161 166 163 163 166 168 174 178 183 175 183 182 182 186 181 184 188
0 0 0 0 0 0 0 0 0 0 5 18 10 3 0 63 233 1319 1781 888 694 591 630 474 145 60 12 9 16 19 0 34 34 39 40 50 50 52 53 48 54 52 53 55 57 51 53 53 54 56 58 63 58 65 61 65 68 72 75 72 71 74 82 74 82 81 84 88 88 89 93 91 94 96 98 98 105 107 103 137 155 165 169 172 189 184 187 192 188 179 180 177 184 185 183 188
0 0 0 0 0 0 0 0 0 0 0 0 0 0 0 55 251 886 1457 1430 930 632 921 618 154 12 0 13 15 25 28 31 37 32 35 45 41 47 46 44 50 48 52 40 50 52 52 53 50 59 60 61 66 62 66 68 69 68 66 74 69 80 76 78 77 81 85 85 85 86 88 93 96 94 97 101 101 106 102 104 93 128 146 174 153 178 134 147 190 178 177 181 183 191 195 191
0 0 0 9 0 0 0 0 0 0 0 0 2 0 0 0 2 358 515 166 71 59 4 0 0 18 44 42 28 23 30 28 20 29 30 29 39 40 42 43 32 43 46 50 62 55 53 55 55 57 58 55 61 62 66 66 68 72 69 71 74 72 74 81 78 85 96 88 93 96 98 96 93 96 103 103 101 102 106 114 107 119 113 110 129 124 126 129 185 178 179 192 190 184 182 189
0 0 0 0 0 0 0 8 5 0 0 0 0 0 0 0 0 0 0 0 0 0 0 18 38 76 83 46 24 20 22 28 28 35 32 36 39 24 36 24 42 47 56 47 60 50 40 53 56 59 55 55 64 60 65 67 66 64 68 73 74 79 79 84 80 88 86 85 90 89 91 91 95 95 96 100 102 106 104 112 112 109 114 122 118 116 126 126 108 110 125 128 182 136 169 192
0 0 0 0 0 0 0 0 0 10 0 0 0 0 0 0 0 0 0 0 0 0 0 23 152 176 69 16 17 17 22 29 33 40 40 39 41 36 26 45 24 47 47 56 48 56 33 55 55 53 61 58 63 63 67 66 68 66 74 72 72 81 77 81 81 83 84 90 89 91 91 94 100 99 98 104 109 104 105 112 111 118 116 119 122 127 121 125 113 119 148 132 115 126 186 189
0 0 0 0 0 0 0 0 0 0 0 0 0 0 0 0 0 0 1 0 2 28 192 203 96 40 27 27 24 21 23 45 57 61 59 50 47 50 49 47 44 43 55 48 42 56 59 56 56 66 57 58 62 65 67 66 71 69 70 76 74 77 77 79 84 80 82 86 88 90 91 90 96 101 105 110 107 106 111 107 110 112 118 117 115 120 125 125 125 130 132 131 138 131 133 144
0 0 0 0 0 0 0 0 0 0 0 0 0 0 0 0 0 0 0 4 7 11 12 22 16 18 47 88 93 190 545 273 89 88 90 80 61 60 58 57 50 49 43 58 54 32 51 62 55 56 56 60 63 63 67 69 68 68 70 73 77 78 80 82 81 87 87 87 87 89 97 90 94 94 107 103 105 107 110 113 111 117 116 120 119 120 122 124 125 132 128 136 137 134 144 142
0 0 0 0 0 0 0 0 0 0 0 0 0 11 0 6 7 9 16 9 14 15 21 19 26 94 195 310 274 579 384 239 269 625 258 154 100 83 76 69 61 58 49 51 54 56 45 58 59 60 58 63 46 64 67 69 70 68 72 73 74 76 76 79 82 81 84 88 93 88 89 102 98 99 103 101 101 107 106 116 112 115 117 120 121 125 129 133 133 131 130 132 137 141 141 139
0 0 0 0 0 0 0 0 0 0 0 0 0 0 6 3 8 6 0 10 22 24 26 27 53 244 798 476 437 440 370 347 321 362 365 206 102 89 83 76 65 59 51 44 51 57 37 36 60 58 57 63 67 63 67 69 70 70 71 72 75 80 76 80 81 79 81 88 89 99 101 99 109 100 100 106 108 106 106 113 109 111 119 116 129 122 124 126 129 132 136 137 137 140 143 141
0 0 0 0 0 0 0 0 0 0 0 0 0 0 0 0 0 7 12 26 39 45 58 76 149 211 236 408 439 522 758 495 486 532 575 299 214 208 105 151 125 59 51 44 61 66 56 53 60 41 57 68 60 62 61 67 67 72 70 57 70 76 76 81 85 84 86 87 89 92 105 101 100 98 103 106 108 113 106 114 111 117 118 119 122 122 125 130 130 138 134 134 138 142 141 141
0 0 0 0 0 0 0 0 0 0 0 0 0 0 0 11 21 44 33 40 48 55 74 82 106 122 161 233 390 316 350 366 456 325 259 220 244 217 367 402 488 484 262 49 40 36 32 70 51 53 55 58 56 64 65 73 71 70 72 73 74 83 82 81 82 88 89 87 87 93 94 95 98 100 103 101 103 108 107 111 111 118 126 119 119 124 127 130 124 130 132 136 137 135 139 141
0 0 0 0 0 0 0 0 0 0 0 0 0 5 13 19 10 31 36 41 50 64 76 83 122 149 276 247 309 367 376 416 420 369 345 294 273 291 289 319 568 801 483 187 84 52 46 42 55 54 58 56 61 58 66 83 74 73 72 77 73 77 86 78 83 86 90 81 85 87 97 94 98 98 105 100 102 107 109 110 111 117 115 120 130 124 126 125 134 136 140 138 139 134 141 137
0 0 0 0 0 0 0 0 0 0 0 0 0 1 0 0 6 17 25 36 58 63 85 100 125 143 223 263 429 469 484 433 380 620 547 465 404 461 396 394 470 488 577 745 820 370 214 79 79 56 51 64 67 66 68 69 74 55 75 75 82 61 80 94 82 81 87 98 90 97 94 95 98 106 101 106 104 107 109 123 111 115 125 124 118 121 126 123 133 132 134 133 137 134 138 144
0 0 0 0 0 0 0 0 0 0 0 0 0 0 0 2 9 19 24 35 55 61 92 99 128 144 198 235 271 455 686 481 543 586 496 491 434 413 337 390 567 588 615 708 810 1150 487 203 156 66 63 69 71 73 71 64 66 57 90 78 78 79 76 64 80 84 91 92 103 95 100 96 112 100 121 106 109 110 112 112 111 116 112 119 126 124 125 131 128 131 131 138 139 139 141 146
0 0 0 0 0 0 0 0 0 0 0 0 0 0 0 5 3 6 17 25 46 61 88 106 138 187 304 300 283 321 376 404 361 333 348 423 274 367 469 612 1203 1227 1137 1022 1060 1007 1147 1176 1153 370 183 108 106 102 96 90 83 73 79 71 79 76 81 86 79 87 82 92 90 93 95 96 103 104 110 105 108 112 118 121 116 120 135 123 124 127 128 129 127 129 128 136 138 146 149 150
0 0 0 0 0 0 0 0 0 0 0 0 0 5 1 0 0 1 5 17 45 60 82 95 135 164 191 307 274 280 318 429 379 285 275 282 295 342 367 344 464 480 508 812 943 1146 1285 1575 1514 1015 1009 511 158 144 114 107 101 92 85 82 85 91 86 88 85 97 81 87 89 95 94 95 104 106 109 111 110 111 115 124 118 121 125 124 126 128 128 130 132 136 139 143 141 147 150 154
0 0 0 0 0 0 0 0 0 0 0 0 0 0 0 0 0 0 4 6 23 37 70 103 124 142 206 247 272 287 219 295 223 248 192 219 438 419 497 532 633 662 767 998 1183 1105 1481 1725 1638 1140 1225 660 691 385 170 154 141 129 130 112 114 110 109 106 102 93 87 85 93 90 99 102 115 106 111 115 112 113 114 119 119 124 124 127 129 130 133 137 139 136 138 143 142 152 153 159
0 0 0 0 0 0 0 0 0 0 0 0 0 0 0 0 0 0 7 3 27 26 47 93 121 161 192 279 180 240 173 268 265 315 166 359 521 653 867 826 821 918 844 1079 1091 932 1166 1516 1720 1228 1522 1079 1036 1145 254 216 155 140 123 125 122 117 117 109 114 97 95 95 94 92 100 109 102 107 111 117 116 115 117 123 122 121 126 128 132 131 137 138 140 138 143 145 146 153 154 161
0 0 0 0 0 0 0 0 0 0 0 0 0 5 0 0 2 3 7 18 17 32 39 61 114 132 148 185 198 153 129 127 155 235 204 489 556 517 560 560 722 752 754 932 965 1071 1040 1114 1082 1288 1432 1700 1227 1306 770 768 503 501 159 167 166 152 156 133 121 115 116 114 108 109 102 102 104 108 113 117 117 118 125 124 127 127 128 129 132 135 138 136 140 144 145 151 154 157 160 163
0 0 0 0 0 0 0 0 0 0 0 0 0 0 0 0 1 2 7 24 30 33 47 43 88 88 96 92 96 153 227 336 250 259 366 655 453 629 661 749 883 1029 1215 1184 1322 1349 1271 1347 1394 1169 1340 1465 1711 1506 1465 1282 990 866 490 257 224 202 207 178 173 151 143 132 128 130 122 115 109 109 118 121 120 124 123 125 126 129 132 132 137 137 140 150 145 147 146 152 156 160 161 164
0 0 0 0 0 0 0 0 0 0 0 0 0 0 0 0 0 8 10 16 26 36 44 64 69 71 78 86 90 94 99 143 122 190 264 312 403 509 969 968 974 1178 971 1030 1055 1224 1261 1455 1463 1407 1361 1485 1502 1437 1196 1204 882 1030 611 626 417 275 296 218 195 189 165 160 141 140 130 125 113 116 121 122 126 123 128 126 133 130 134 135 135 142 145 145 146 146 154 155 156 161 162 167
0 0 0 0 0 0 0 0 0 0 0 0 0 0 0 0 0 4 7 17 29 34 43 50 59 58 69 84 82 106 124 115 118 172 309 266 229 238 275 298 778 877 570 681 699 1248 1250 1049 1164 1332 1458 1250 1390 1509 2066 1835 1610 1901 1693 1538 1113 651 729 354 312 224 235 203 183 175 157 149 127 126 129 135 136 132 135 131 135 141 137 140 145 147 148 151 153 154 157 160 163 168 166 170
0 0 0 0 0 0 0 0 0 0 0 0 0 0 0 0 0 2 8 17 29 32 39 47 58 49 94 93 103 126 151 179 201 146 172 245 522 528 583 929 444 572 1112 807 814 869 952 1097 1282 1387 1486 1343 1176 1313 1774 1686 1696 1795 2042 1581 1462 1052 833 422 360 352 287 235 224 200 176 163 138 130 135 141 141 137 140 141 141 138 137 142 147 147 149 152 152 155 159 162 161 168 169 174
0 0 0 0 0 0 0 0 0 0 0 0 0 0 0 0 0 0 5 7 23 29 38 44 71 83 137 169 196 334 568 507 603 617 705 779 948 1125 788 636 482 518 481 601 691 669 804 1012 1007 907 945 1336 1103 1087 1333 1357 1421 1535 1858 2391 2014 2757 2498 1547 1370 611 493 462 561 471 260 208 168 154 151 157 159 156 152 153 149 150 146 149 151 152 157 158 163 163 164 165 167 170 172 177
0 0 0 0 0 0 0 0 0 0 0 0 0 0 0 0 0 0 1 6 25 26 44 57 88 114 198 362 406 449 361 453 429 420 565 1099 1074 1253 743 606 610 639 812 807 541 507 544 608 684 739 835 1064 1363 1475 1541 1593 1662 1642 1827 1637 1706 2225 2321 2079 1542 1723 916 827 676 1109 666 415 219 188 168 172 172 167 164 163 162 159 155 151 154 157 156 164 163 167 168 167 174 175 175 178
0 0 0 0 0 0 0 0 0 0 0 0 0 0 0 0 0 0 0 0 5 9 58 65 90 80 201 289 373 326 220 270 303 878 617 750 902 974 774 807 907 894 872 1033 876 854 860 890 709 932 1142 1555 946 969 1543 1287 1306 1287 1447 1425 1692 1747 1845 2609 2242 1535 1617 1607 1163 943 1032 945 616 865 300 211 202 200 191 181 179 172 166 159 158 160 164 168 169 172 176 177 182 178 180 182
0 0 0 0 0 0 0 0 0 0 0 0 0 0 0 0 0 0 0 0 5 10 15 38 57 61 116 182 163 159 169 413 748 1375 1482 1305 1328 1187 1124 1400 1301 1513 1509 1091 896 854 926 1153 1181 1230 1316 1161 1045 1120 987 1075 1279 1415 1225 1256 1275 2124 2036 2408 2078 1846 1893 2003 1456 1318 861 722 559 529 391 330 247 235 226 213 208 189 186 172 162 164 168 171 177 177 178 184 184 186 187 190
0 0 0 0 0 0 0 0 0 0 0 0 0 0 0 0 0 0 0 0 5 5 12 31 40 57 81 111 109 90 177 370 552 918 1314 1539 1500 1362 1208 1343 1899 1985 2201 1535 1392 1473 1647 1289 1497 1748 1604 1210 1101 1120 1417 1259 1006 1039 1072 1154 1191 1499 2076 1942 2287 1912 1862 2310 1927 1542 895 780 601 504 460 455 351 271 254 227 217 200 200 182 173 169 171 176 177 183 183 183 188 188 190 195
0 0 0 0 0 0 0 0 0 0 0 0 0 0 0 0 0 0 0 0 2 6 13 18 23 29 53 52 79 127 166 359 597 920 1326 1566 1479 1836 1344 1247 1312 1395 1320 1312 1264 1304 1300 1477 1879 2269 1761 1551 1682 1712 1912 1503 1308 1272 1284 1194 1183 1131 1211 1306 1492 1610 2018 1819 1984 2188 1539 1202 752 662 669 728 740 390 325 296 285 247 233 208 197 193 183 182 183 185 189 190 192 196 198 201
0 0 0 0 0 0 0 0 0 0 0 0 0 0 0 0 0 0 0 0 4 11 17 18 21 28 38 60 88 217 895 1460 1601 1563 1389 1288 1066 1086 1605 1724 2117 1701 1297 1355 1401 1223 1233 1822 1829 2434 2106 1579 1923 2125 1843 1946 1753 1751 1380 1259 1224 1169 1150 1196 1300 1811 1693 1747 2088 1648 1503 1806 1075 831 799 637 639 528 436 405 367 289 266 233 221 211 197 189 187 189 192 198 197 195 199 207
0 0 0 0 0 0 0 0 0 0 0 0 0 0 0 0 0 0 0 2 5 4 15 22 35 47 59 79 195 567 1067 845 1174 1457 1375 1315 1247 1338 1493 1679 1449 1652 1757 1665 1520 1221 1077 1134 1270 1327 1409 1395 1285 1375 1894 2392 2297 2114 1748 1659 1502 1353 1302 1231 1218 1352 1400 1481 1599 1804 1874 2161 1446 1145 1155 958 883 759 697 594 531 437 356 288 261 240 210 203 200 201 198 202 203 206 206 210
0 0 0 0 0 0 0 0 0 0 0 0 0 0 0 0 0 0 0 3 3 6 15 21 38 55 99 317 593 1152 813 1085 1920 1476 1365 1567 1699 1467 1410 1376 1407 1421 1348 1432 1204 1078 990 1005 1041 1063 1077 1088 1153 1364 1403 1693 2147 1881 1992 2053 1721 1480 1409 1303 1283 1271 1314 1390 1583 2054 1713 2256 2476 1992 2174 1369 1277 848 823 783 811 647 505 350 273 246 218 208 209 206 205 204 207 208 209 214
0 0 0 0 0 0 0 0 0 0 0 0 0 0 0 0 0 0 0 0 22 32 42 39 43 89 466 524 974 1763 1656 1508 1972 1446 1738 1550 1367 1456 1189 1131 1195 1010 990 1009 969 930 939 956 962 986 999 1042 1113 1144 1204 1270 2649 2734 2810 2147 2265 2010 1923 1965 1769 1736 1482 1344 1505 1840 1707 1799 2372 2432 2537 2405 2033 2080 1425 1071 1199 1269 970 728 520 394 266 234 230 233 226 219 217 210 217 222
