PaleoCOOP_model/data/maps/DEM1_3.asc
ncols        540
nrows        300
xllcorner    45.000122070313
yllcorner    35.000122170313
cellsize     0.083333333000
NODATA_value -32768
[rows 138 to 183 of 300, columns 96 to 191 of 540]
0 4 9 10 11 15 20 19 26 30 30 44 30 66 63 63 53 76 68 96 85 89 112 137 147 124 127 138 171 196 202 161 150 141 139 136 161 167 161 170 168 212 210 207 204 255 255 255 255 241 201 197 160 255 238 241 255 243 219 208 208 248 253 255 255 255 255 255 255 255 255 255 255 255 248 253 248 234 235 217 211 199 198 221 240 224 249 255 223 166 233 226 162 216 185 194
0 0 3 8 10 9 20 19 24 33 34 31 28 31 28 36 58 52 75 89 67 63 120 142 104 153 141 169 179 189 185 223 181 123 117 155 150 204 176 212 216 217 186 194 234 222 255 237 213 194 186 164 255 241 246 236 220 205 202 197 200 222 247 255 255 255 255 255 255 255 255 255 255 255 255 244 236 225 220 210 204 199 181 227 246 231 255 255 218 180 229 192 216 217 255 176
0 0 0 0 13 10 11 16 23 28 28 28 39 46 61 75 74 66 79 91 54 48 67 78 105 140 152 151 160 188 179 141 188 115 154 182 238 214 226 194 248 224 229 211 184 203 196 236 203 175 161 146 193 181 192 180 199 196 191 244 237 255 255 255 255 255 255 255 255 255 255 255 235 255 242 239 223 217 209 194 184 181 196 248 255 255 255 255 241 238 194 255 255 206 186 198
0 0 0 0 6 9 10 14 24 24 15 20 25 36 54 55 53 86 89 92 100 95 50 53 68 97 193 135 132 201 194 150 133 107 129 169 253 222 190 182 238 207 190 201 199 209 242 231 195 152 143 191 235 225 176 196 217 211 219 232 240 248 255 255 255 255 255 255 255 255 248 242 233 242 238 213 221 211 192 180 172 190 210 249 255 255 244 234 218 220 198 251 206 184 172 162
0 0 0 0 0 0 8 10 9 12 4 27 34 31 28 58 61 54 73 90 104 114 68 69 107 71 96 102 130 121 166 98 89 110 116 130 151 155 167 190 203 211 240 204 144 135 132 143 139 157 168 229 241 233 218 210 205 200 189 204 223 234 231 255 255 255 255 252 235 230 224 221 225 225 233 216 213 202 184 180 172 195 202 237 255 255 217 193 180 194 166 177 173 133 124 109
0 0 0 0 0 0 0 2 2 2 7 19 46 25 48 78 82 95 80 103 106 132 145 117 130 103 76 118 97 100 103 111 151 148 132 176 180 173 197 179 169 177 138 137 169 229 246 237 227 236 255 244 237 235 237 253 235 229 210 238 237 230 235 255 255 254 241 227 216 211 207 212 229 222 204 200 198 193 175 186 185 197 195 202 196 211 176 169 173 183 187 183 188 170 127 100
0 0 0 0 0 0 0 0 0 0 1 7 25 48 63 66 64 89 91 100 139 118 128 129 134 100 82 156 128 186 128 93 100 126 143 185 158 159 158 160 147 131 154 126 137 155 155 215 255 255 255 252 255 255 200 229 255 255 255 240 255 241 242 249 255 255 255 235 224 212 216 218 233 220 204 190 195 174 186 177 178 196 205 178 203 181 169 192 197 218 244 202 191 137 109 67
0 0 0 0 0 0 0 0 0 0 0 0 8 48 57 72 86 98 108 98 155 157 123 190 185 142 226 170 213 180 151 120 149 101 105 130 117 115 105 97 126 161 128 151 176 228 237 172 156 172 200 244 255 255 222 225 230 234 255 255 255 255 255 255 255 255 255 255 234 248 216 217 212 206 185 180 184 174 174 172 175 191 192 211 200 202 242 237 230 249 228 163 143 98 80 83
0 0 0 0 0 0 0 0 0 0 0 0 11 56 60 64 59 64 62 152 108 143 131 141 177 146 218 154 148 132 116 113 114 141 104 155 122 132 128 134 185 181 158 183 183 255 245 206 186 172 208 238 255 249 255 241 242 242 255 255 255 255 255 255 255 255 255 255 246 245 217 216 213 200 186 171 170 167 170 172 179 193 196 188 217 221 248 231 230 228 237 179 146 91 74 120
0 0 0 0 0 0 0 0 0 0 0 0 0 82 70 51 70 56 38 88 76 70 129 116 148 161 230 163 149 178 205 225 181 138 125 118 84 109 133 143 127 130 149 175 172 169 173 184 184 192 197 202 211 189 216 234 255 255 255 255 255 255 255 255 255 255 255 246 242 228 199 198 189 177 172 172 173 164 172 192 197 215 214 233 220 221 255 255 255 252 155 122 96 68 93 128
0 0 0 0 0 0 0 0 0 0 0 0 0 21 25 45 34 45 43 56 111 81 106 101 113 125 248 242 185 179 199 236 143 114 146 93 115 145 132 119 123 123 137 142 145 156 158 159 154 162 182 184 163 184 214 238 255 246 255 255 255 255 255 255 255 255 253 229 236 219 187 196 181 176 178 178 163 169 183 191 182 239 233 246 246 255 241 216 250 252 206 118 89 87 109 135
0 0 0 0 0 0 0 0 0 0 0 0 0 0 0 11 19 37 54 75 104 126 103 85 88 85 245 132 107 91 93 115 102 71 94 91 98 124 150 116 137 153 167 150 161 142 137 132 138 145 150 154 145 152 195 204 215 254 255 228 255 255 255 237 232 255 243 227 207 196 189 190 161 160 176 166 175 192 191 172 211 236 218 250 237 189 172 188 223 184 166 97 74 108 116 151
0 0 0 0 0 0 0 0 0 0 0 0 0 0 0 10 52 54 114 75 46 97 78 88 74 78 140 140 162 111 97 80 67 111 102 80 168 115 139 163 154 150 181 164 155 140 132 122 119 138 140 140 126 136 139 198 160 168 165 204 255 212 194 200 217 250 222 203 185 183 188 185 176 172 154 179 179 188 179 226 219 255 255 225 191 147 122 113 95 90 109 69 84 128 177 171
0 0 0 0 0 0 0 0 0 0 0 0 0 0 0 0 7 61 110 87 78 88 71 83 91 96 107 98 97 81 80 75 88 89 87 97 88 95 122 149 156 139 143 175 151 132 130 117 116 125 127 130 116 129 123 147 161 150 151 164 247 189 193 182 206 224 216 186 172 165 183 177 175 173 169 184 188 186 184 202 234 255 255 233 202 139 128 111 109 140 81 85 93 132 213 202
0 0 0 0 0 0 0 0 0 0 0 0 0 0 0 0 0 5 23 41 68 61 47 82 78 87 110 136 126 93 78 71 79 94 83 110 108 103 103 100 108 113 112 119 119 115 112 111 103 98 99 104 108 118 110 112 121 119 158 191 220 202 160 190 235 210 189 168 150 151 165 154 175 170 174 181 173 173 196 166 159 199 200 220 248 201 151 141 154 119 86 118 135 183 160 205
0 0 0 0 0 0 0 0 0 0 0 0 0 0 0 0 0 3 12 42 28 36 29 25 103 76 70 84 83 68 81 96 116 126 101 93 90 89 114 97 96 98 98 94 97 101 88 107 100 95 96 99 101 101 103 109 102 108 132 216 243 195 150 204 200 162 161 139 143 143 161 165 164 175 177 171 171 172 170 204 193 232 241 255 255 229 166 187 124 102 94 144 136 204 196 170
0 0 0 0 0 0 0 0 0 0 0 0 0 0 0 0 0 4 6 9 28 46 50 27 53 52 35 57 45 63 72 76 80 87 71 73 87 88 85 77 78 83 86 89 87 86 102 109 104 102 84 90 100 113 105 100 103 103 116 188 190 223 198 156 159 140 143 175 139 137 151 165 161 171 168 182 180 183 190 215 201 219 223 225 213 211 141 185 199 118 88 118 125 188 185 129
0 0 0 0 0 0 0 0 0 0 0 0 0 0 0 0 2 1 3 10 5 23 50 64 51 31 56 42 82 61 71 71 69 78 87 68 77 72 103 81 70 97 91 101 96 108 104 104 101 93 81 79 116 127 128 116 109 107 112 131 112 207 214 181 168 152 178 185 156 146 151 152 160 169 176 180 185 205 203 207 215 188 206 232 222 163 151 185 144 174 78 120 113 164 153 77
0 0 0 0 0 0 0 0 0 0 0 0 0 0 0 0 0 0 1 0 9 2 33 46 55 53 50 55 56 66 67 53 64 60 61 69 99 87 83 78 82 99 86 99 104 98 98 93 91 76 87 70 65 145 169 138 109 98 89 118 101 218 207 199 205 191 176 151 166 154 164 160 168 167 162 157 157 206 231 246 240 211 170 183 200 194 178 148 173 152 79 109 150 171 175 183
0 0 0 0 0 0 0 0 0 0 0 0 0 0 0 0 0 0 2 0 8 7 21 23 56 46 46 76 62 64 67 98 98 76 92 84 93 77 89 80 81 78 88 90 88 93 91 84 69 70 71 75 57 67 116 80 72 78 84 159 238 210 201 199 190 184 175 171 144 147 155 159 163 161 165 183 196 226 254 234 192 183 190 220 255 255 167 141 92 152 77 111 162 161 186 100
0 0 0 0 0 0 0 0 0 0 0 0 0 0 0 0 0 0 0 0 11 12 20 22 23 26 52 48 39 47 60 71 72 74 75 90 92 88 78 78 71 70 72 70 66 64 56 47 59 49 46 47 49 50 232 225 215 202 222 211 192 186 173 168 153 142 128 127 143 147 154 154 157 143 132 142 154 180 205 238 191 146 117 109 171 195 164 148 82 69 45 39 55 76 75 57
0 0 0 0 0 0 0 0 0 0 0 0 0 0 0 0 0 0 0 0 4 10 20 38 31 24 32 47 51 52 46 52 55 61 64 67 67 65 58 56 43 40 26 29 28 16 19 29 31 33 33 42 39 37 172 199 114 171 157 145 151 147 149 122 109 89 91 103 115 122 128 133 135 125 112 106 125 151 178 154 121 153 104 69 180 153 44 39 53 68 83 58 50 39 55 88
0 0 0 0 0 0 0 0 0 0 0 0 0 0 0 0 0 0 0 0 0 9 25 32 36 57 49 46 81 78 48 36 30 41 49 51 58 56 53 50 27 23 23 16 14 18 33 32 34 32 30 31 36 35 28 168 99 160 139 119 118 112 123 96 86 73 79 96 118 122 120 119 125 120 95 96 103 136 151 184 153 78 96 59 52 66 39 39 39 54 81 102 53 42 57 63
0 0 0 0 0 0 0 0 0 0 0 0 0 0 0 0 0 0 0 0 0 0 0 0 0 1 15 66 101 26 219 167 217 149 60 61 66 61 44 35 15 12 16 19 46 36 145 26 25 33 45 45 28 29 37 47 96 146 134 123 119 118 112 152 160 108 100 116 124 126 128 123 117 103 82 67 80 80 55 128 88 65 64 53 39 39 39 39 39 49 39 39 39 39 43 130
0 0 0 0 0 0 0 0 0 0 0 0 0 0 0 0 0 0 0 0 0 0 3 11 0 0 0 62 33 194 95 99 119 95 91 83 70 55 14 13 29 27 152 166 174 172 162 198 71 31 27 25 28 93 106 151 176 173 167 139 146 165 125 100 113 128 102 113 122 122 128 130 122 110 86 75 78 81 115 154 130 95 67 54 39 39 39 39 39 39 39 39 39 39 39 39
0 0 0 0 0 0 0 0 0 0 0 0 0 0 0 0 0 0 0 0 0 0 0 0 23 23 24 19 4 131 104 104 94 77 54 72 62 48 19 37 178 164 165 156 160 181 190 189 204 206 200 191 183 182 178 176 173 173 176 172 176 185 180 139 133 169 129 121 131 125 125 122 114 121 111 106 92 97 85 61 82 135 136 114 52 50 46 54 50 48 39 39 42 39 39 39
0 0 0 0 0 0 0 0 0 0 0 0 0 0 0 0 0 0 0 0 0 0 0 4 12 16 16 15 11 122 94 84 81 82 74 58 35 18 0 173 180 170 175 154 160 174 171 193 194 194 190 179 168 168 168 166 165 159 162 167 173 182 177 159 157 169 178 114 129 130 131 121 130 122 118 107 101 54 29 29 29 29 130 99 69 49 62 42 46 47 47 46 47 39 39 39
0 0 0 0 0 0 0 0 0 0 0 0 0 0 0 0 0 0 0 0 0 0 0 0 5 8 10 7 8 13 14 52 50 75 67 76 49 3 142 148 147 143 159 134 142 152 149 178 181 168 166 156 140 139 130 128 144 146 158 168 172 172 169 168 145 153 179 159 108 100 128 141 143 132 130 120 82 81 64 29 29 29 47 140 42 45 51 64 89 55 55 93 109 49 39 39
0 0 0 0 0 0 0 0 0 0 0 0 0 0 0 0 0 0 0 0 0 0 0 1 1 0 0 0 0 0 0 21 25 47 23 52 39 17 141 63 141 88 131 132 114 134 127 154 151 142 132 105 115 123 105 100 105 115 142 161 164 169 156 183 187 196 191 151 141 141 126 128 147 142 116 130 79 62 63 40 35 29 40 31 32 32 36 32 35 38 37 40 38 43 42 55
0 0 0 0 0 0 0 0 0 0 0 0 0 0 0 0 0 0 0 0 0 0 0 0 0 0 63 122 125 91 72 79 72 31 35 36 37 35 0 41 41 61 131 111 106 103 121 111 116 105 92 87 109 110 103 103 88 92 115 137 145 157 162 190 193 207 214 208 142 133 133 148 118 90 91 86 41 58 52 37 37 29 32 29 32 32 34 34 36 35 36 37 39 37 39 43
0 0 0 0 0 0 0 0 0 0 0 0 0 0 0 0 0 1 0 0 0 0 0 0 0 145 145 4 11 126 65 38 20 14 126 39 34 22 14 14 56 24 0 52 108 91 89 121 120 90 79 69 82 79 76 88 70 77 110 116 126 140 147 165 172 182 185 185 192 75 29 29 29 29 29 29 48 121 96 44 29 29 29 32 33 32 35 32 34 35 38 36 37 40 38 44
0 0 0 0 0 0 0 0 0 0 0 0 0 0 0 0 0 0 1 0 0 0 0 0 0 141 139 77 36 135 132 103 48 90 106 38 26 36 14 23 69 35 54 113 100 87 79 94 95 122 112 100 103 96 74 71 69 69 109 107 123 133 138 160 162 171 176 184 76 29 29 29 29 29 29 43 80 57 43 38 29 29 29 29 32 31 33 31 36 36 35 39 38 40 41 46
0 0 0 0 0 0 0 0 0 0 0 0 0 0 0 0 0 0 0 0 9 5 0 0 0 0 0 136 125 60 120 116 121 142 141 130 62 59 103 106 31 19 46 28 116 95 74 72 119 93 102 115 106 98 85 72 75 73 83 113 120 129 140 151 157 166 168 186 29 29 29 29 29 29 29 39 30 31 31 29 29 29 29 29 29 29 29 29 34 34 37 42 40 44 45 44
0 0 0 0 0 0 0 0 0 0 0 0 0 0 0 0 0 0 0 0 0 4 8 5 0 0 0 0 0 128 128 131 131 131 121 118 115 116 112 103 83 49 26 38 92 100 91 64 83 62 62 67 91 90 93 91 96 97 100 117 125 137 143 145 152 163 167 137 29 29 29 29 29 29 29 29 29 29 29 29 29 32 34 39 54 43 33 31 33 34 36 36 38 41 44 53
0 0 0 0 0 0 0 0 0 0 0 0 0 0 0 0 0 0 0 0 0 0 1 5 0 1 0 0 0 70 131 104 106 91 96 96 91 98 84 90 105 107 99 91 89 88 82 68 66 62 62 62 62 62 70 74 83 87 95 107 112 128 135 149 150 166 177 74 29 29 29 29 29 29 28 32 29 29 29 29 29 38 48 36 29 29 29 29 30 32 34 35 38 38 41 49
0 0 0 0 0 0 0 0 0 0 0 0 0 0 0 0 0 0 0 0 0 0 0 0 8 0 0 0 0 114 116 85 79 79 79 96 89 81 74 75 73 73 66 82 77 76 75 71 74 78 69 74 70 71 69 78 82 86 103 112 114 125 137 148 151 167 177 29 29 29 29 34 37 43 39 32 29 29 29 29 29 29 29 29 29 29 29 29 31 33 31 36 36 37 41 47
0 0 0 0 0 0 0 0 0 0 0 0 0 0 0 0 0 0 0 0 0 0 0 0 2 0 0 69 92 107 105 113 116 108 100 95 77 82 74 78 80 72 77 80 83 81 78 79 82 77 78 82 85 84 88 95 108 114 124 130 132 139 144 159 166 178 186 29 29 29 37 40 40 47 34 24 34 29 29 29 29 29 29 29 29 29 29 29 30 28 36 38 39 38 41 43
0 0 0 0 0 0 0 0 0 0 0 0 0 0 0 0 0 0 0 0 0 0 0 0 8 2 3 5 25 103 83 73 80 87 93 79 81 89 78 81 84 82 73 78 78 82 88 88 97 103 113 117 124 129 113 123 132 133 128 135 135 150 158 169 178 86 29 29 29 30 38 37 52 49 41 33 37 29 29 29 29 29 29 29 29 29 29 29 29 27 31 36 36 44 41 41
0 0 0 0 0 0 0 0 0 0 0 0 0 0 0 0 0 0 0 0 0 0 0 0 5 12 17 9 10 71 74 65 67 72 73 87 84 83 87 76 75 84 85 89 104 101 112 109 113 124 126 116 123 127 112 112 130 135 139 137 139 151 161 176 181 29 29 29 29 37 37 43 50 42 43 43 39 29 29 29 29 29 29 29 29 29 29 29 29 33 35 36 38 39 41 42
0 0 0 0 0 0 0 0 0 0 0 0 0 0 0 0 0 0 0 0 0 0 0 3 110 97 50 63 62 61 60 62 65 67 65 67 74 80 78 78 82 93 105 115 117 129 128 132 133 136 136 137 135 135 127 127 134 137 140 142 142 151 159 176 186 29 29 29 29 29 38 38 40 40 46 58 39 29 29 29 29 29 29 29 29 29 29 29 30 30 33 36 35 36 37 38
0 0 0 0 0 0 0 0 0 0 0 0 0 0 0 0 0 0 0 0 0 0 0 76 94 102 78 64 65 62 63 63 63 70 68 77 72 75 77 75 85 93 108 120 127 136 138 129 137 138 140 144 148 147 145 142 143 142 146 146 145 156 160 173 181 29 29 29 29 29 37 46 39 40 45 73 39 29 29 29 29 29 29 29 29 29 29 29 25 28 34 38 34 37 37 40
0 0 0 0 0 0 0 0 0 0 0 0 0 0 114 0 0 0 0 0 0 9 40 32 38 53 56 61 69 73 73 83 83 86 80 74 69 73 72 75 81 85 105 123 131 136 126 126 136 153 165 168 172 172 179 175 173 172 180 175 173 178 180 56 29 29 29 29 37 33 29 34 41 48 33 47 66 29 29 29 29 29 29 29 29 29 29 29 30 32 32 33 32 36 36 38
1 0 0 0 0 0 0 0 0 0 0 0 0 0 0 0 116 127 26 98 82 73 67 64 55 53 50 59 58 89 94 90 96 100 95 79 76 76 75 86 82 101 105 118 124 129 121 121 129 150 160 170 177 183 183 184 181 184 195 201 202 209 213 29 29 29 29 29 29 29 37 38 46 44 33 49 29 29 29 29 29 29 29 29 29 29 29 29 29 31 30 32 32 35 38 39
1 5 12 0 0 0 0 0 184 179 178 179 170 162 154 143 139 117 119 122 104 99 98 92 88 83 88 73 72 70 70 77 83 89 100 90 96 100 107 114 118 117 125 129 132 149 151 148 146 149 150 163 170 177 180 183 194 199 207 214 221 238 245 29 29 29 29 29 29 29 40 37 36 34 35 29 29 29 29 29 29 29 29 29 29 29 29 29 29 29 34 31 32 34 33 37
0 0 0 0 0 0 0 10 186 180 172 160 148 181 175 152 146 149 142 143 101 115 115 102 99 104 100 79 76 72 69 69 90 108 119 122 110 112 122 127 137 146 153 156 158 171 169 172 173 176 177 182 180 180 179 185 192 197 202 212 222 236 245 29 29 29 29 29 29 29 29 36 42 40 29 29 29 29 29 29 29 29 29 29 29 29 29 29 29 29 29 33 34 33 35 36
0 0 0 0 0 0 0 38 191 175 167 160 170 183 182 165 156 151 137 133 126 128 127 116 104 94 88 92 88 79 77 75 87 101 109 120 115 120 129 135 151 157 167 172 172 180 182 179 183 181 183 184 186 186 191 193 196 199 200 202 207 225 237 29 29 29 29 29 29 29 29 37 38 41 29 29 29 29 29 29 29 29 29 29 29 29 29 29 29 29 29 33 33 32 36 37
